1176.150,1,76479
1178.120,1,72141
1180.090,1,71445
1182.059,1,71386
1184.028,1,71417
1185.997,1,71540
1187.965,1,71693
1189.932,1,71439
1191.899,1,71529
1193.866,1,71618
1195.832,1,71449
1197.798,1,71326
1199.763,1,71152
1201.728,1,71031
1203.692,1,71024
1205.656,1,70977
1207.619,1,70782
1209.582,1,70600
1211.545,1,70697
1213.507,1,70614
1215.468,1,70572
1217.429,1,70677
1219.390,1,70498
1221.350,1,70541
1223.310,1,70859
1225.269,1,70867
1227.227,1,71045
1229.186,1,71287
1231.144,1,71553
1233.101,1,71828
1235.058,1,72077
1237.014,1,72230
1238.970,1,72715
1240.926,1,72943
1242.881,1,72885
1244.835,1,73265
1246.789,1,73643
1248.743,1,73850
1250.696,1,74092
1252.649,1,74187
1254.601,1,74545
1256.553,1,74562
1258.504,1,74605
1260.455,1,74633
1262.405,1,74898
1264.355,1,74678
1266.305,1,74745
1268.254,1,74911
1270.202,1,75081
1272.150,1,74958
1274.098,1,74935
1276.045,1,74530
1277.992,1,74839
1279.938,1,74776
1281.884,1,74857
1283.829,1,74981
1285.774,1,74773
1287.718,1,74551
1289.662,1,74397
1291.606,1,74312
1293.549,1,74297
1295.492,1,74187
1297.434,1,74042
1299.375,1,73906
1301.317,1,74026
1303.257,1,73870
1305.198,1,73981
1307.137,1,73887
1309.077,1,73981
1311.016,1,73867
1312.954,1,74189
1314.892,1,73951
1316.830,1,74198
1318.767,1,74329
1320.703,1,74390
1322.640,1,74212
1324.575,1,74149
1326.511,1,74299
1328.445,1,73871
1330.380,1,73889
1332.314,1,73451
1334.247,1,72871
1336.180,1,72693
1338.113,1,72589
1340.045,1,72457
1341.976,1,72134
1343.908,1,72005
1345.838,1,72023
1347.769,1,72029
1349.698,1,71888
1351.628,1,72027
1353.557,1,71930
1355.485,1,71971
1357.413,1,71864
1359.341,1,71976
1361.268,1,71926
1363.194,1,72089
1365.121,1,72305
1367.046,1,72374
1368.972,1,72347
1370.896,1,72066
1372.821,1,71998
1374.745,1,71554
1376.668,1,71260
1378.591,1,71179
1380.514,1,71000
1382.436,1,70910
1384.358,1,71229
1386.279,1,71502
1388.200,1,71750
1390.120,1,72512
1392.040,1,73006
1393.959,1,73723
1395.878,1,74315
1397.797,1,75055
1399.715,1,75558
1401.632,1,75589
1403.550,1,75630
1405.466,1,75852
1407.383,1,76027
1409.298,1,75846
1411.214,1,76207
1413.129,1,76382
1415.043,1,76675
1416.957,1,76608
1418.871,1,76967
1420.784,1,77074
1422.697,1,76750
1424.609,1,76783
1426.521,1,76292
1428.432,1,76109
1430.343,1,75703
1432.253,1,75306
1434.163,1,74809
1436.073,1,74149
1437.982,1,73403
1439.891,1,72683
1441.799,1,71901
1443.707,1,71471
1445.614,1,71196
1447.521,1,71265
1449.427,1,70800
1451.333,1,70688
1453.239,1,70297
1455.144,1,70366
1457.048,1,69914
1458.953,1,69592
1460.856,1,69394
1462.760,1,69128
1464.663,1,68910
1466.565,1,68696
1468.467,1,68190
1470.369,1,68236
1472.270,1,67847
1474.170,1,67962
1476.071,1,67926
1477.970,1,67806
1479.870,1,67738
1481.769,1,67724
1483.667,1,67705
1485.565,1,67868
1487.462,1,67730
1489.360,1,67651
1491.256,1,67802
1493.152,1,67951
1495.048,1,67872
1496.944,1,67891
1498.839,1,67943
1500.733,1,68058
1502.627,1,68104
1504.521,1,68276
1506.414,1,68378
1508.306,1,68384
1510.199,1,68449
1512.090,1,68520
1513.982,1,68667
1515.873,1,68675
1517.763,1,68780
1519.653,1,68910
1521.543,1,69024
1523.432,1,69009
1525.321,1,69380
1527.209,1,69517
1529.097,1,69817
1530.984,1,69966
1532.871,1,70142
1534.758,1,70311
1536.644,1,70372
1538.530,1,70695
1540.415,1,70842
1542.300,1,70886
1544.184,1,71083
1546.068,1,71566
1547.951,1,71561
1549.834,1,71775
1551.717,1,71742
1553.599,1,72104
1555.481,1,72081
1557.362,1,72572
1559.243,1,72611
1561.123,1,72802
1563.003,1,73224
1564.883,1,73260
1566.762,1,73547
1568.641,1,74041
1570.519,1,74089
1572.397,1,74140
1574.274,1,74711
1576.151,1,74769
1578.028,1,75123
1579.904,1,75513
1581.779,1,76101
1583.654,1,76174
1585.529,1,76687
1587.403,1,77211
1589.277,1,77830
1591.151,1,78144
1593.024,1,78610
1594.896,1,79399
1596.769,1,79749
1598.640,1,80375
1600.512,1,80740
1602.382,1,81546
1604.253,1,82029
1606.123,1,82399
1607.992,1,83361
1609.861,1,83736
1611.730,1,84259
1613.598,1,84815
1615.466,1,85436
1617.334,1,86249
1619.201,1,86830
1621.067,1,87193
1622.933,1,87998
1624.799,1,88755
1626.664,1,89138
1628.529,1,89645
1630.393,1,90241
1632.257,1,90628
1634.121,1,91033
1635.984,1,91376
1637.846,1,91870
1639.709,1,92391
1641.570,1,92524
1643.432,1,92711
1645.293,1,93162
1647.153,1,93090
1649.013,1,93274
1650.873,1,93357
1652.732,1,92761
1654.591,1,92941
1656.449,1,92505
1658.307,1,92414
1660.165,1,91918
1662.022,1,91423
1663.878,1,90991
1665.734,1,90360
1667.590,1,89797
1669.446,1,89360
1671.300,1,88756
1673.155,1,88038
1675.009,1,87181
1676.863,1,86459
1678.716,1,85528
1680.569,1,84910
1682.421,1,83827
1684.273,1,82998
1686.124,1,82206
1687.976,1,81347
1689.826,1,80322
1691.676,1,79591
1693.526,1,78526
1695.376,1,77972
1697.225,1,77305
1699.073,1,76365
1700.921,1,75685
1702.769,1,74905
1704.616,1,74450
1706.463,1,73663
1708.309,1,73236
1710.155,1,72664
1712.001,1,72179
1713.846,1,71766
1715.691,1,71165
1717.535,1,70766
1719.379,1,70195
1721.222,1,69637
1723.065,1,69180
1724.908,1,68717
1726.750,1,68417
1728.592,1,68099
1730.433,1,67727
1732.274,1,67502
1734.114,1,67057
1735.954,1,66843
1737.794,1,66392
1739.633,1,66195
1741.472,1,65989
1743.310,1,65489
1745.148,1,65255
1746.986,1,65098
1748.823,1,64899
1750.659,1,64559
1752.496,1,64305
1754.332,1,64111
1756.167,1,63822
1758.002,1,63640
1759.836,1,63269
1761.671,1,63245
1763.504,1,63306
1765.338,1,62971
1767.171,1,62948
1769.003,1,62659
1770.835,1,62689
1772.667,1,62330
1774.498,1,62221
1776.329,1,61969
1778.159,1,62045
1779.989,1,61844
1781.818,1,61800
1783.648,1,61696
1785.476,1,61655
1787.304,1,61284
1789.132,1,61441
1790.960,1,61318
1792.787,1,61129
1794.613,1,61264
1796.440,1,60836
1798.265,1,60899
1800.091,1,60708
1801.916,1,60927
1803.740,1,60685
1805.564,1,60476
1807.388,1,60621
1809.211,1,60624
1811.034,1,60561
1812.856,1,60424
1814.678,1,60382
1816.500,1,60400
1818.321,1,60447
1820.142,1,60365
1821.962,1,60329
1823.782,1,60173
1825.602,1,60273
1827.421,1,60133
1829.239,1,60105
1831.058,1,60164
1832.875,1,60108
1834.693,1,60234
1836.510,1,60287
1838.327,1,60140
1840.143,1,59988
1841.959,1,59998
1843.774,1,60188
1845.589,1,60111
1847.403,1,59998
1849.217,1,59997
1851.031,1,59899
1852.844,1,59931
1854.657,1,60022
1856.470,1,59840
1858.282,1,60148
1860.093,1,59788
1861.905,1,59847
1863.716,1,60180
1865.526,1,59866
1867.336,1,60056
1869.146,1,59867
1870.955,1,59907
1872.763,1,60021
1874.572,1,59968
1876.380,1,60170
1878.187,1,60003
1879.994,1,59877
1881.801,1,59949
1883.607,1,59991
1885.413,1,59858
1887.219,1,59953
1889.024,1,60065
1890.828,1,59986
1892.633,1,60029
1894.436,1,59986
1896.240,1,60040
1898.043,1,60113
1899.845,1,60087
1901.648,1,60136
1903.449,1,60208
1905.251,1,60330
1907.052,1,60304
1908.852,1,60344
1910.652,1,60367
1912.452,1,60322
1914.251,1,60318
1916.050,1,60401
1917.849,1,60396
1919.647,1,60413
1921.445,1,60310
1923.242,1,60465
1925.039,1,60432
1926.835,1,60642
1928.631,1,60727
1930.427,1,60542
1932.222,1,60639
1934.017,1,60651
1935.811,1,60715
1937.605,1,60532
1939.399,1,61006
1941.192,1,60889
1942.985,1,60828
1944.777,1,61041
1946.569,1,60835
1948.361,1,60909
1950.152,1,60949
1951.943,1,61221
1953.733,1,61113
1955.523,1,61368
1957.313,1,61357
1959.102,1,61449
1960.891,1,61450
1962.679,1,61451
1964.467,1,61565
1966.254,1,61591
1968.041,1,61589
1969.828,1,61953
1971.614,1,62029
1973.400,1,61908
1975.186,1,61964
1976.971,1,62059
1978.756,1,61991
1980.540,1,62141
1982.324,1,62355
1984.107,1,62402
1985.890,1,62409
1987.673,1,62514
1989.455,1,62737
1991.237,1,62610
1993.019,1,62632
1994.800,1,62830
1996.580,1,62787
1998.361,1,62962
2000.141,1,63065
2001.920,1,63163
2003.699,1,63228
2005.478,1,63355
2007.256,1,63461
2009.034,1,63419
2010.811,1,63360
2012.588,1,63578
2014.365,1,63780
2016.141,1,63973
2017.917,1,64027
2019.692,1,63972
2021.468,1,64124
2023.242,1,64247
2025.016,1,64215
2026.790,1,64264
2028.564,1,64585
2030.337,1,64494
2032.109,1,64670
2033.882,1,64559
2035.653,1,64747
2037.425,1,64634
2039.196,1,64888
2040.967,1,64956
2042.737,1,65055
2044.507,1,65268
2046.276,1,65082
2048.045,1,65274
2049.814,1,65176
2051.582,1,65437
2053.350,1,65725
2055.117,1,65653
2056.884,1,65759
2058.651,1,65994
2060.417,1,65864
2062.183,1,65821
2063.949,1,65973
2065.714,1,65953
2067.479,1,66205
2069.243,1,66077
2071.007,1,66112
2072.770,1,66183
2074.533,1,66216
2076.296,1,66284
2078.058,1,66448
2079.820,1,66623
2081.582,1,66488
2083.343,1,66646
2085.103,1,66797
2086.864,1,66682
2088.624,1,66853
2090.383,1,66972
2092.142,1,67140
2093.901,1,67023
2095.659,1,67109
2097.417,1,67193
2099.175,1,66966
2100.932,1,67176
2102.689,1,67112
2104.445,1,67304
2106.201,1,67181
2107.957,1,67288
2109.712,1,67215
2111.467,1,67170
2113.221,1,67485
2114.975,1,67377
2116.729,1,67438
2118.482,1,67405
2120.235,1,67227
2121.987,1,67532
2123.739,1,67331
2125.491,1,67405
2127.242,1,67553
2128.993,1,67383
2130.744,1,67549
2132.494,1,67528
2134.243,1,67451
2135.993,1,67713
2137.742,1,67301
2139.490,1,67422
2141.238,1,67661
2142.986,1,67601
2144.733,1,67445
2146.480,1,67400
2148.227,1,67516
2149.973,1,67506
2151.719,1,67504
2153.464,1,67480
2155.209,1,67369
2156.954,1,67463
2158.698,1,67300
2160.442,1,67304
2162.185,1,67277
2163.928,1,67288
2165.671,1,67257
2167.413,1,67096
2169.155,1,67204
2170.896,1,67061
2172.638,1,67117
2174.378,1,66981
2176.119,1,67156
2177.859,1,67078
2179.598,1,66935
2181.337,1,66811
2183.076,1,66753
2184.814,1,66805
2186.552,1,66780
2188.290,1,66706
2190.027,1,66661
2191.764,1,66879
2193.500,1,66686
2195.236,1,66586
2196.972,1,66692
2198.707,1,66358
2200.442,1,66505
2202.177,1,66420
2203.911,1,66240
2205.645,1,66243
2207.378,1,66026
2209.111,1,66111
2210.844,1,65942
2212.576,1,65993
2214.308,1,65977
2216.039,1,56431
2217.770,1,65611
2219.501,1,65838
2221.231,1,65785
2222.961,1,65632
2224.690,1,65626
2226.419,1,65486
2228.148,1,65546
2229.876,1,65416
2231.604,1,65264
2233.332,1,65186
2235.059,1,65098
2236.786,1,64973
2238.512,1,64929
2240.238,1,64972
2241.964,1,65015
2243.689,1,64751
2245.414,1,64920
2247.138,1,64739
2248.863,1,64579
2250.586,1,64578
2252.310,1,64417
2254.033,1,64410
2255.755,1,64476
2257.477,1,64428
2259.199,1,64241
2260.921,1,64336
2262.642,1,64124
2264.362,1,64153
2266.083,1,63854
2267.802,1,64045
2269.522,1,63964
2271.241,1,64065
2272.960,1,63878
2274.678,1,63744
2276.396,1,63614
2278.114,1,63579
2279.831,1,63479
2281.548,1,63567
2283.264,1,63483
2284.980,1,63499
2286.696,1,63433
2288.411,1,63259
2290.126,1,63212
2291.841,1,63172
2293.555,1,63173
2295.269,1,63175
2296.982,1,63020
2298.695,1,62924
2300.408,1,62965
2302.120,1,62985
2303.832,1,62832
2305.544,1,62700
2307.255,1,62751
2308.966,1,62684
2310.676,1,62613
2312.386,1,62564
2314.096,1,62790
2315.805,1,62502
2317.514,1,62550
2319.222,1,62376
2320.930,1,62461
2322.638,1,62498
2324.345,1,62276
2326.052,1,62478
2327.759,1,62387
2329.465,1,62478
2331.171,1,62339
2332.877,1,62124
2334.582,1,62128
2336.286,1,61997
2337.991,1,62020
2339.695,1,61984
2341.398,1,61756
2343.101,1,61928
2344.804,1,61890
2346.507,1,61804
2348.209,1,61803
2349.910,1,61664
2351.612,1,61682
2353.313,1,61513
2355.013,1,61470
2356.714,1,61503
2358.413,1,61599
2360.113,1,61606
2361.812,1,61457
2363.511,1,61384
2365.209,1,61510
2366.907,1,61410
2368.604,1,61435
2370.302,1,61312
2371.998,1,61416
2373.695,1,61358
2375.391,1,61261
2377.087,1,61322
2378.782,1,61164
2380.477,1,61057
2382.172,1,61098
2383.866,1,61036
2385.560,1,61088
2387.253,1,60995
2388.946,1,60800
2390.639,1,60993
2392.331,1,60959
2394.023,1,60905
2395.715,1,60825
2397.406,1,61146
2399.097,1,61043
2400.787,1,61008
2402.477,1,60885
2404.167,1,60611
2405.857,1,60636
2407.545,1,60628
2409.234,1,60742
2410.922,1,60482
2412.610,1,60626
2414.298,1,60695
2415.985,1,60678
2417.672,1,60464
2419.358,1,60608
2421.044,1,60676
2422.730,1,60588
2424.415,1,60315
2426.100,1,60628
2427.784,1,60458
2429.469,1,60221
2431.152,1,60374
2432.836,1,60473
2434.519,1,60356
2436.202,1,60352
2437.884,1,60321
2439.566,1,60259
2441.247,1,60265
2442.929,1,60198
2444.609,1,60210
2446.290,1,60377
2447.970,1,60356
2449.650,1,60133
2451.329,1,60148
2453.008,1,60319
2454.687,1,60246
2456.365,1,60271
2458.043,1,60199
2459.720,1,60194
2461.398,1,60130
2463.074,1,60071
2464.751,1,60209
2466.427,1,60108
2468.103,1,60110
2469.778,1,59980
2471.453,1,60037
2473.127,1,60081
2474.802,1,60015
2476.475,1,60031
2478.149,1,60026
2479.822,1,60133
2481.495,1,59988
2483.167,1,60087
2484.839,1,60151
2486.511,1,60108
2488.182,1,59933
2489.853,1,60086
2491.524,1,59878
2493.194,1,59955
2494.864,1,60050
2496.533,1,60059
2498.202,1,59936
2499.871,1,59894
2501.539,1,60183
2503.207,1,59994
2504.875,1,60115
2506.542,1,60196
2508.209,1,60172
2509.876,1,60132
2511.542,1,60210
2513.208,1,60192
2514.873,1,60262
2516.538,1,60061
2518.203,1,60208
2519.867,1,60176
2521.531,1,60208
2523.195,1,60278
2524.858,1,60253
2526.521,1,60216
2528.183,1,60317
2529.846,1,60493
2531.507,1,60382
2533.169,1,60449
2534.830,1,60565
2536.491,1,60475
2538.151,1,60587
2539.811,1,60611
2541.471,1,60645
2543.130,1,60762
2544.789,1,60750
2546.447,1,60725
2548.106,1,60774
2549.763,1,61018
2551.421,1,60981
2553.078,1,61139
2554.735,1,61378
2556.391,1,61293
2558.047,1,61557
2559.703,1,61640
2561.358,1,61798
2563.013,1,62120
2564.667,1,62326
2566.322,1,62581
2567.976,1,62942
2569.629,1,63333
2571.282,1,63570
2572.935,1,64184
2574.587,1,64654
2576.239,1,65228
2577.891,1,65912
2579.542,1,66010
2581.193,1,66526
2582.844,1,66733
2584.494,1,66656
2586.144,1,66331
2587.794,1,65771
2589.443,1,65228
2591.092,1,64802
2592.740,1,63928
2594.388,1,63349
2596.036,1,62929
2597.683,1,62519
2599.330,1,61854
2600.977,1,61579
2602.623,1,61161
2604.269,1,60996
2605.915,1,60836
2607.560,1,60727
2609.205,1,60634
2610.850,1,60586
2612.494,1,60444
2614.138,1,60437
2615.781,1,60321
2617.424,1,60326
2619.067,1,60246
2620.709,1,60275
2622.351,1,60241
2623.993,1,60356
2625.634,1,60203
2627.275,1,60348
2628.916,1,60225
2630.556,1,60337
2632.196,1,60342
2633.836,1,60511
2635.475,1,60420
2637.114,1,60547
2638.752,1,60465
2640.390,1,60573
2642.028,1,60744
2643.665,1,60664
2645.302,1,60603
2646.939,1,60871
2648.575,1,60776
2650.211,1,60935
2651.847,1,60827
2653.482,1,61101
2655.117,1,60960
2656.752,1,61195
2658.386,1,61459
2660.020,1,61312
2661.653,1,61521
2663.286,1,61482
2664.919,1,61474
2666.552,1,61548
2668.184,1,61813
2669.816,1,62071
2671.447,1,61910
2673.078,1,62084
2674.709,1,62305
2676.339,1,62434
2677.969,1,62348
2679.599,1,62500
2681.228,1,62495
2682.857,1,62687
2684.485,1,62767
2686.113,1,62875
2687.741,1,62996
2689.369,1,62991
2690.996,1,63118
2692.623,1,63305
2694.249,1,63324
2695.875,1,63490
2697.501,1,63757
2699.127,1,63762
2700.752,1,64016
2702.376,1,63982
2704.001,1,64203
2705.625,1,64266
2707.248,1,64534
2708.872,1,64577
2710.495,1,64542
2712.117,1,64649
2713.739,1,64805
2715.361,1,64907
2716.983,1,65068
2718.604,1,65211
2720.225,1,65485
2721.845,1,65414
2723.465,1,65449
2725.085,1,65701
2726.705,1,65840
2728.324,1,66068
2729.943,1,66039
2731.561,1,66265
2733.179,1,66316
2734.797,1,66627
2736.414,1,66772
2738.031,1,66812
2739.648,1,66984
2741.264,1,67181
2742.880,1,67422
2744.496,1,67522
2746.111,1,67715
2747.726,1,67883
2749.340,1,68143
2750.955,1,68285
2752.568,1,68449
2754.182,1,68655
2755.795,1,68870
2757.408,1,68993
2759.020,1,69350
2760.633,1,69612
2762.244,1,69606
2763.856,1,69802
2765.467,1,69967
2767.078,1,70297
2768.688,1,70796
2770.298,1,70574
2771.908,1,70993
2773.517,1,71186
2775.126,1,71209
2776.735,1,71550
2778.343,1,71923
2779.951,1,72093
2781.559,1,72288
2783.166,1,72739
2784.773,1,72975
2786.380,1,73262
2787.986,1,73179
2789.592,1,73683
2791.198,1,73986
2792.803,1,74294
2794.408,1,74646
2796.012,1,75264
2797.616,1,75151
2799.220,1,75516
2800.824,1,75687
2802.427,1,76310
2804.030,1,76751
2805.632,1,77160
2807.234,1,77236
2808.836,1,77760
2810.438,1,78326
2812.039,1,78835
2813.639,1,79085
2815.240,1,79531
2816.840,1,79934
2818.440,1,80491
2820.039,1,81005
2821.638,1,81495
2823.237,1,81911
2824.835,1,82385
2826.433,1,82713
2828.031,1,83435
2829.628,1,83835
2831.225,1,84346
2832.822,1,85155
2834.418,1,85510
2836.014,1,85852
2837.610,1,86512
2839.205,1,87292
2840.800,1,88007
2842.394,1,88507
2843.989,1,89299
2845.583,1,89830
2847.176,1,90449
2848.769,1,90788
2850.362,1,91136
2851.955,1,92275
2853.547,1,92774
2855.139,1,93602
2856.730,1,94212
2858.322,1,94802
2859.912,1,95765
2861.503,1,96709
2863.093,1,97488
2864.683,1,98350
2866.272,1,99617
2867.862,1,100833
2869.450,1,101413
2871.039,1,102188
2872.627,1,103482
2874.215,1,104412
2875.802,1,105500
2877.389,1,106478
2878.976,1,107249
2880.563,1,108325
2882.149,1,109220
2883.734,1,110195
2885.320,1,111197
2886.905,1,112250
2888.490,1,113272
2890.074,1,114399
2891.658,1,115735
2893.242,1,116350
2894.825,1,117795
2896.408,1,119232
2897.991,1,120940
2899.574,1,122333
2901.156,1,124173
2902.737,1,126166
2904.319,1,128128
2905.900,1,130822
2907.480,1,133352
2909.061,1,136738
2910.641,1,140081
2912.220,1,144189
2913.800,1,148359
2915.379,1,153631
2916.958,1,159356
2918.536,1,164004
2920.114,1,167546
2921.692,1,170960
2923.269,1,175832
2924.846,1,179253
2926.423,1,182812
2927.999,1,186495
2929.575,1,189661
2931.151,1,192901
2932.726,1,196308
2934.301,1,199823
2935.875,1,203093
2937.450,1,205518
2939.024,1,208014
2940.597,1,210353
2942.171,1,212069
2943.744,1,213672
2945.316,1,214581
2946.889,1,214633
2948.461,1,214481
2950.032,1,214666
2951.604,1,213802
2953.175,1,213077
2954.745,1,212900
2956.316,1,212032
2957.886,1,211641
2959.455,1,211092
2961.024,1,210891
2962.593,1,210896
2964.162,1,211105
2965.730,1,211557
2967.298,1,212188
2968.866,1,212776
2970.433,1,213571
2972.000,1,214887
2973.567,1,217065
2975.133,1,217917
2976.699,1,219293
2978.265,1,221288
2979.830,1,223189
2981.395,1,224824
2982.960,1,226532
2984.524,1,228289
2986.088,1,230298
2987.652,1,231362
2989.215,1,233293
2990.778,1,234697
2992.341,1,237067
2993.903,1,238077
2995.465,1,240094
2997.027,1,241561
2998.588,1,243087
3000.149,1,245162
3001.710,1,246617
3003.270,1,248205
3004.830,1,250979
3006.390,1,254054
3007.949,1,255845
3009.508,1,258990
3011.067,1,261329
3012.626,1,264181
3014.184,1,267565
3015.741,1,270714
3017.299,1,273817
3018.856,1,277018
3020.412,1,280455
3021.969,1,284126
3023.525,1,288579
3025.081,1,291922
3026.636,1,295300
3028.191,1,299735
3029.746,1,304334
3031.300,1,311869
3032.854,1,314222
3034.408,1,317494
3035.962,1,322663
3037.515,1,325936
3039.068,1,331333
3040.620,1,335637
3042.172,1,341619
3043.724,1,345954
3045.275,1,351722
3046.827,1,356752
3048.377,1,362187
3049.928,1,367650
3051.478,1,372441
3053.028,1,378528
3054.577,1,384405
3056.127,1,389844
3057.675,1,396104
3059.224,1,401854
3060.772,1,407742
3062.320,1,414013
3063.868,1,421535
3065.415,1,427841
3066.962,1,434104
3068.508,1,441590
3070.054,1,448033
3071.600,1,453889
3073.146,1,460699
3074.691,1,469234
3076.236,1,475763
3077.781,1,483535
3079.325,1,490484
3080.869,1,497622
3082.413,1,506644
3083.956,1,514430
3085.499,1,521595
3087.042,1,530770
3088.584,1,538856
3090.126,1,546929
3091.668,1,555229
3093.209,1,563656
3094.750,1,572282
3096.291,1,581465
3097.831,1,590437
3099.371,1,599167
3100.911,1,608973
3102.451,1,617507
3103.990,1,628673
3105.528,1,637571
3107.067,1,646806
3108.605,1,658205
3110.143,1,667980
3111.680,1,677984
3113.217,1,687894
3114.754,1,699345
3116.291,1,708818
3117.827,1,720038
3119.363,1,731058
3120.898,1,741728
3122.434,1,753255
3123.969,1,764688
3125.503,1,775002
3127.037,1,785858
3128.571,1,798478
3130.105,1,809184
3131.638,1,821149
3133.171,1,833237
3134.704,1,845919
3136.236,1,856182
3137.768,1,867682
3139.300,1,880331
3140.831,1,891410
3142.362,1,904596
3143.893,1,917348
3145.423,1,929690
3146.954,1,941355
3148.483,1,952722
3150.013,1,967498
3151.542,1,979501
3153.071,1,989968
3154.599,1,1003129
3156.127,1,1014132
3157.655,1,1027970
3159.183,1,1040306
3160.710,1,1051319
3162.237,1,1064370
3163.763,1,1073164
3165.290,1,1087084
3166.815,1,1096916
3168.341,1,1108962
3169.866,1,1121680
3171.391,1,1134121
3172.916,1,1142618
3174.440,1,1155374
3175.964,1,1167226
3177.488,1,1177934
3179.011,1,1188390
3180.534,1,1199708
3182.057,1,1209671
3183.579,1,1219966
3185.102,1,1230298
3186.623,1,1239114
3188.145,1,1249978
3189.666,1,1260059
3191.187,1,1269207
3192.707,1,1277812
3194.227,1,1286760
3195.747,1,1295553
3197.267,1,1303373
3198.786,1,1316567
3200.305,1,1324143
3201.824,1,1332452
3203.342,1,1340879
3204.860,1,1348715
3206.378,1,1355013
3207.895,1,1362243
3209.412,1,1369752
3210.929,1,1375296
3212.445,1,1380576
3213.961,1,1387908
3215.477,1,1393028
3216.992,1,1400153
3218.507,1,1401987
3220.022,1,1407192
3221.537,1,1410968
3223.051,1,1415085
3224.565,1,1421163
3226.078,1,1426984
3227.591,1,1430799
3229.104,1,1436512
3230.617,1,1440211
3232.129,1,1445710
3233.641,1,1449053
3235.153,1,1452658
3236.664,1,1454956
3238.175,1,1458688
3239.686,1,1462712
3241.196,1,1462747
3242.706,1,1465406
3244.216,1,1466791
3245.725,1,1470171
3247.235,1,1471511
3248.743,1,1472883
3250.252,1,1473287
3251.760,1,1473625
3253.268,1,1474939
3254.775,1,1476939
3256.283,1,1477605
3257.790,1,1479346
3259.296,1,1479674
3260.803,1,1484017
3262.309,1,1482456
3263.814,1,1483777
3265.320,1,1484950
3266.825,1,1488063
3268.329,1,1491804
3269.834,1,1489678
3271.338,1,1492031
3272.842,1,1493504
3274.345,1,1496358
3275.848,1,1496578
3277.351,1,1498403
3278.854,1,1500707
3280.356,1,1501186
3281.858,1,1501346
3283.359,1,1503043
3284.861,1,1504311
3286.362,1,1506529
3287.862,1,1508168
3289.363,1,1509542
3290.863,1,1511702
3292.363,1,1512628
3293.862,1,1513929
3295.361,1,1515847
3296.860,1,1516912
3298.358,1,1519321
3299.857,1,1518455
3301.355,1,1522576
3302.852,1,1524314
3304.349,1,1525970
3305.846,1,1527967
3307.343,1,1529464
3308.839,1,1530921
3310.335,1,1535355
3311.831,1,1536603
3313.326,1,1538926
3314.821,1,1540935
3316.316,1,1542533
3317.811,1,1545148
3319.305,1,1549458
3320.799,1,1549653
3322.292,1,1553181
3323.785,1,1554917
3325.278,1,1558902
3326.771,1,1560376
3328.263,1,1559960
3329.755,1,1564700
3331.247,1,1566414
3332.738,1,1570501
3334.229,1,1571444
3335.720,1,1576981
3337.211,1,1578497
3338.701,1,1581538
3340.191,1,1583164
3341.680,1,1585207
3343.169,1,1589553
3344.658,1,1593784
3346.147,1,1597091
3347.635,1,1600051
3349.123,1,1604026
3350.611,1,1605866
3352.098,1,1610499
3353.585,1,1612320
3355.072,1,1617237
3356.558,1,1622190
3358.044,1,1623972
3359.530,1,1629639
3361.016,1,1631936
3362.501,1,1635723
3363.986,1,1640629
3365.471,1,1642903
3366.955,1,1646508
3368.439,1,1650494
3369.923,1,1653786
3371.406,1,1659140
3372.889,1,1661845
3374.372,1,1665939
3375.854,1,1668764
3377.336,1,1670633
3378.818,1,1675845
3380.300,1,1675431
3381.781,1,1678646
3383.262,1,1680866
3384.743,1,1682319
3386.223,1,1684267
3387.703,1,1684661
3389.183,1,1686162
3390.662,1,1684144
3392.141,1,1686728
3393.620,1,1686922
3395.098,1,1685461
3396.577,1,1687540
3398.054,1,1689659
3399.532,1,1689910
3401.009,1,1690923
3402.486,1,1689935
3403.963,1,1692712
3405.439,1,1690225
3406.915,1,1684592
3408.391,1,1692779
3409.866,1,1691954
3411.342,1,1690516
3412.816,1,1688763
3414.291,1,1687794
3415.765,1,1686909
3417.239,1,1686077
3418.713,1,1683172
3420.186,1,1681660
3421.659,1,1677334
3423.132,1,1675240
3424.604,1,1671627
3426.076,1,1665131
3427.548,1,1661721
3429.020,1,1655412
3430.491,1,1651286
3431.962,1,1646256
3433.432,1,1641252
3434.903,1,1637012
3436.373,1,1632788
3437.842,1,1628591
3439.312,1,1623698
3440.781,1,1620727
3442.250,1,1617195
3443.718,1,1611539
3445.186,1,1606195
3446.654,1,1599970
3448.122,1,1593377
3449.589,1,1589627
3451.056,1,1583363
3452.523,1,1577180
