1176.150,1,55081
1178.120,1,50795
1180.090,1,49872
1182.059,1,50045
1184.028,1,49776
1185.997,1,49759
1187.965,1,49768
1189.932,1,49643
1191.899,1,49738
1193.866,1,49682
1195.832,1,49755
1197.798,1,49705
1199.763,1,49756
1201.728,1,49733
1203.692,1,49710
1205.656,1,49706
1207.619,1,49657
1209.582,1,49737
1211.545,1,49679
1213.507,1,49730
1215.468,1,49655
1217.429,1,49706
1219.390,1,49600
1221.350,1,49706
1223.310,1,49737
1225.269,1,49693
1227.227,1,49685
1229.186,1,49698
1231.144,1,49627
1233.101,1,49732
1235.058,1,49769
1237.014,1,49788
1238.970,1,49839
1240.926,1,49833
1242.881,1,49862
1244.835,1,49929
1246.789,1,49975
1248.743,1,49939
1250.696,1,49878
1252.649,1,49914
1254.601,1,50000
1256.553,1,49948
1258.504,1,49945
1260.455,1,49985
1262.405,1,49959
1264.355,1,49934
1266.305,1,49948
1268.254,1,50003
1270.202,1,49963
1272.150,1,49964
1274.098,1,50047
1276.045,1,49951
1277.992,1,50051
1279.938,1,49990
1281.884,1,49990
1283.829,1,49901
1285.774,1,49970
1287.718,1,49903
1289.662,1,49957
1291.606,1,49832
1293.549,1,49944
1295.492,1,49923
1297.434,1,49900
1299.375,1,49918
1301.317,1,49816
1303.257,1,49931
1305.198,1,49889
1307.137,1,49891
1309.077,1,49857
1311.016,1,49961
1312.954,1,49953
1314.892,1,49884
1316.830,1,49848
1318.767,1,49879
1320.703,1,49856
1322.640,1,49964
1324.575,1,49960
1326.511,1,49995
1328.445,1,49865
1330.380,1,49946
1332.314,1,49830
1334.247,1,49869
1336.180,1,49810
1338.113,1,49782
1340.045,1,49715
1341.976,1,49757
1343.908,1,49701
1345.838,1,49777
1347.769,1,49716
1349.698,1,49785
1351.628,1,49706
1353.557,1,49860
1355.485,1,49729
1357.413,1,49789
1359.341,1,49691
1361.268,1,49784
1363.194,1,49810
1365.121,1,49768
1367.046,1,49773
1368.972,1,49772
1370.896,1,49701
1372.821,1,49650
1374.745,1,49780
1376.668,1,49672
1378.591,1,49668
1380.514,1,49706
1382.436,1,49709
1384.358,1,49721
1386.279,1,49702
1388.200,1,49767
1390.120,1,49819
1392.040,1,49903
1393.959,1,49880
1395.878,1,50006
1397.797,1,49996
1399.715,1,50085
1401.632,1,50034
1403.550,1,50104
1405.466,1,50024
1407.383,1,50053
1409.298,1,50010
1411.214,1,50017
1413.129,1,50123
1415.043,1,50142
1416.957,1,50171
1418.871,1,50121
1420.784,1,50191
1422.697,1,50113
1424.609,1,50114
1426.521,1,50132
1428.432,1,50003
1430.343,1,50066
1432.253,1,49983
1434.163,1,50156
1436.073,1,49857
1437.982,1,49756
1439.891,1,49829
1441.799,1,49740
1443.707,1,49688
1445.614,1,49742
1447.521,1,49727
1449.427,1,49669
1451.333,1,49644
1453.239,1,49665
1455.144,1,49665
1457.048,1,49633
1458.953,1,49603
1460.856,1,49673
1462.760,1,49505
1464.663,1,49467
1466.565,1,49382
1468.467,1,49466
1470.369,1,49423
1472.270,1,49381
1474.170,1,49446
1476.071,1,49390
1477.970,1,49417
1479.870,1,49421
1481.769,1,49419
1483.667,1,49369
1485.565,1,49407
1487.462,1,49400
1489.360,1,49354
1491.256,1,49441
1493.152,1,49381
1495.048,1,49400
1496.944,1,49339
1498.839,1,49404
1500.733,1,49412
1502.627,1,49453
1504.521,1,49413
1506.414,1,49459
1508.306,1,49528
1510.199,1,49504
1512.090,1,49423
1513.982,1,49550
1515.873,1,49554
1517.763,1,49526
1519.653,1,49434
1521.543,1,49488
1523.432,1,49531
1525.321,1,49548
1527.209,1,49602
1529.097,1,49595
1530.984,1,49600
1532.871,1,49635
1534.758,1,49582
1536.644,1,49575
1538.530,1,49599
1540.415,1,49626
1542.300,1,49701
1544.184,1,49650
1546.068,1,49739
1547.951,1,49727
1549.834,1,49772
1551.717,1,49743
1553.599,1,49723
1555.481,1,49772
1557.362,1,49736
1559.243,1,49847
1561.123,1,49798
1563.003,1,49890
1564.883,1,49809
1566.762,1,49906
1568.641,1,49894
1570.519,1,49998
1572.397,1,49921
1574.274,1,49974
1576.151,1,49926
1578.028,1,49996
1579.904,1,50012
1581.779,1,50108
1583.654,1,50109
1585.529,1,50149
1587.403,1,50235
1589.277,1,50210
1591.151,1,50264
1593.024,1,50343
1594.896,1,50305
1596.769,1,50449
1598.640,1,50415
1600.512,1,50536
1602.382,1,50564
1604.253,1,50646
1606.123,1,50642
1607.992,1,50724
1609.861,1,50792
1611.730,1,50804
1613.598,1,50825
1615.466,1,50942
1617.334,1,51045
1619.201,1,51017
1621.067,1,51102
1622.933,1,51193
1624.799,1,51228
1626.664,1,51301
1628.529,1,51399
1630.393,1,51411
1632.257,1,51513
1634.121,1,51435
1635.984,1,51460
1637.846,1,51489
1639.709,1,51542
1641.570,1,51562
1643.432,1,51548
1645.293,1,51625
1647.153,1,51658
1649.013,1,51640
1650.873,1,51595
1652.732,1,51706
1654.591,1,51595
1656.449,1,51529
1658.307,1,51605
1660.165,1,51554
1662.022,1,51511
1663.878,1,51387
1665.734,1,51444
1667.590,1,51392
1669.446,1,51305
1671.300,1,51275
1673.155,1,51337
1675.009,1,51082
1676.863,1,50978
1678.716,1,51022
1680.569,1,50887
1682.421,1,50826
1684.273,1,50609
1686.124,1,50609
1687.976,1,50532
1689.826,1,50505
1691.676,1,50440
1693.526,1,50412
1695.376,1,50197
1697.225,1,50128
1699.073,1,50062
1700.921,1,50137
1702.769,1,50024
1704.616,1,49911
1706.463,1,49802
1708.309,1,49757
1710.155,1,49770
1712.001,1,49729
1713.846,1,49713
1715.691,1,49660
1717.535,1,49644
1719.379,1,49532
1721.222,1,49572
1723.065,1,49513
1724.908,1,49509
1726.750,1,49384
1728.592,1,49464
1730.433,1,49373
1732.274,1,49392
1734.114,1,49292
1735.954,1,49422
1737.794,1,49296
1739.633,1,49205
1741.472,1,49214
1743.310,1,49266
1745.148,1,49224
1746.986,1,49143
1748.823,1,49108
1750.659,1,49077
1752.496,1,49089
1754.332,1,49056
1756.167,1,49040
1758.002,1,49050
1759.836,1,48996
1761.671,1,48985
1763.504,1,48959
1765.338,1,48954
1767.171,1,48987
1769.003,1,48971
1770.835,1,48918
1772.667,1,48934
1774.498,1,48961
1776.329,1,48895
1778.159,1,48825
1779.989,1,48893
1781.818,1,48845
1783.648,1,48846
1785.476,1,48852
1787.304,1,48834
1789.132,1,48854
1790.960,1,48859
1792.787,1,48872
1794.613,1,48846
1796.440,1,48779
1798.265,1,48855
1800.091,1,48853
1801.916,1,48786
1803.740,1,48832
1805.564,1,48794
1807.388,1,48778
1809.211,1,48790
1811.034,1,48797
1812.856,1,48779
1814.678,1,48768
1816.500,1,48788
1818.321,1,48759
1820.142,1,48791
1821.962,1,48798
1823.782,1,48785
1825.602,1,48783
1827.421,1,48698
1829.239,1,48726
1831.058,1,48708
1832.875,1,48782
1834.693,1,48823
1836.510,1,48765
1838.327,1,48768
1840.143,1,48724
1841.959,1,48785
1843.774,1,48722
1845.589,1,48703
1847.403,1,48658
1849.217,1,48753
1851.031,1,48784
1852.844,1,48722
1854.657,1,48694
1856.470,1,48778
1858.282,1,48820
1860.093,1,48678
1861.905,1,48775
1863.716,1,48773
1865.526,1,48712
1867.336,1,48740
1869.146,1,48780
1870.955,1,48763
1872.763,1,48724
1874.572,1,48701
1876.380,1,48709
1878.187,1,48738
1879.994,1,48730
1881.801,1,48768
1883.607,1,48836
1885.413,1,48719
1887.219,1,48721
1889.024,1,48705
1890.828,1,48695
1892.633,1,48736
1894.436,1,48736
1896.240,1,48767
1898.043,1,48731
1899.845,1,48763
1901.648,1,48716
1903.449,1,48825
1905.251,1,48769
1907.052,1,48790
1908.852,1,48840
1910.652,1,48743
1912.452,1,48709
1914.251,1,48713
1916.050,1,48826
1917.849,1,48795
1919.647,1,48788
1921.445,1,48787
1923.242,1,48786
1925.039,1,48758
1926.835,1,48751
1928.631,1,48814
1930.427,1,48798
1932.222,1,48813
1934.017,1,48801
1935.811,1,48743
1937.605,1,48841
1939.399,1,48812
1941.192,1,48869
1942.985,1,48850
1944.777,1,48832
1946.569,1,48844
1948.361,1,48780
1950.152,1,48723
1951.943,1,48780
1953.733,1,48823
1955.523,1,48842
1957.313,1,48900
1959.102,1,48836
1960.891,1,48862
1962.679,1,48858
1964.467,1,48871
1966.254,1,48914
1968.041,1,48900
1969.828,1,48868
1971.614,1,48822
1973.400,1,48888
1975.186,1,48888
1976.971,1,48920
1978.756,1,48883
1980.540,1,48908
1982.324,1,48974
1984.107,1,48944
1985.890,1,48939
1987.673,1,48913
1989.455,1,48961
1991.237,1,48931
1993.019,1,48960
1994.800,1,48911
1996.580,1,48973
1998.361,1,49034
2000.141,1,48970
2001.920,1,49015
2003.699,1,48983
2005.478,1,49057
2007.256,1,49001
2009.034,1,48997
2010.811,1,49062
2012.588,1,48997
2014.365,1,49032
2016.141,1,49064
2017.917,1,49007
2019.692,1,49000
2021.468,1,49103
2023.242,1,49124
2025.016,1,49063
2026.790,1,49115
2028.564,1,49150
2030.337,1,49067
2032.109,1,49044
2033.882,1,49174
2035.653,1,49125
2037.425,1,49162
2039.196,1,49090
2040.967,1,49099
2042.737,1,49174
2044.507,1,49116
2046.276,1,49088
2048.045,1,49191
2049.814,1,49214
2051.582,1,49177
2053.350,1,49261
2055.117,1,49273
2056.884,1,49246
2058.651,1,49239
2060.417,1,49216
2062.183,1,49235
2063.949,1,49223
2065.714,1,49172
2067.479,1,49182
2069.243,1,49289
2071.007,1,49188
2072.770,1,49201
2074.533,1,49269
2076.296,1,49269
2078.058,1,49305
2079.820,1,49208
2081.582,1,49285
2083.343,1,49181
2085.103,1,49273
2086.864,1,49300
2088.624,1,49351
2090.383,1,49301
2092.142,1,49291
2093.901,1,49395
2095.659,1,49252
2097.417,1,49352
2099.175,1,49362
2100.932,1,49382
2102.689,1,49291
2104.445,1,49380
2106.201,1,49338
2107.957,1,49366
2109.712,1,49292
2111.467,1,49331
2113.221,1,49294
2114.975,1,49397
2116.729,1,49320
2118.482,1,49408
2120.235,1,49275
2121.987,1,49354
2123.739,1,49292
2125.491,1,49411
2127.242,1,49363
2128.993,1,49389
2130.744,1,49364
2132.494,1,49380
2134.243,1,49319
2135.993,1,49379
2137.742,1,49405
2139.490,1,49277
2141.238,1,49308
2142.986,1,49395
2144.733,1,49306
2146.480,1,49351
2148.227,1,49355
2149.973,1,49371
2151.719,1,49381
2153.464,1,49365
2155.209,1,49299
2156.954,1,49425
2158.698,1,49298
2160.442,1,49327
2162.185,1,49321
2163.928,1,49325
2165.671,1,49326
2167.413,1,49423
2169.155,1,49276
2170.896,1,49310
2172.638,1,49277
2174.378,1,49335
2176.119,1,49330
2177.859,1,49335
2179.598,1,49276
2181.337,1,49323
2183.076,1,49321
2184.814,1,49269
2186.552,1,49336
2188.290,1,49303
2190.027,1,49295
2191.764,1,49364
2193.500,1,49284
2195.236,1,49233
2196.972,1,49284
2198.707,1,49155
2200.442,1,49337
2202.177,1,49273
2203.911,1,49198
2205.645,1,49225
2207.378,1,49240
2209.111,1,49194
2210.844,1,49221
2212.576,1,49249
2214.308,1,49269
2216.039,1,48552
2217.770,1,49107
2219.501,1,49218
2221.231,1,49262
2222.961,1,49126
2224.690,1,49175
2226.419,1,49258
2228.148,1,49147
2229.876,1,49221
2231.604,1,49207
2233.332,1,49129
2235.059,1,49110
2236.786,1,49182
2238.512,1,49159
2240.238,1,49244
2241.964,1,49169
2243.689,1,49086
2245.414,1,49084
2247.138,1,49130
2248.863,1,49148
2250.586,1,49161
2252.310,1,49182
2254.033,1,49080
2255.755,1,49132
2257.477,1,49078
2259.199,1,49077
2260.921,1,49107
2262.642,1,49035
2264.362,1,49041
2266.083,1,49096
2267.802,1,49043
2269.522,1,49049
2271.241,1,49073
2272.960,1,49005
2274.678,1,49073
2276.396,1,49001
2278.114,1,49031
2279.831,1,49023
2281.548,1,49049
2283.264,1,48950
2284.980,1,49034
2286.696,1,49006
2288.411,1,49077
2290.126,1,48995
2291.841,1,48958
2293.555,1,49017
2295.269,1,48948
2296.982,1,48959
2298.695,1,48991
2300.408,1,48958
2302.120,1,48960
2303.832,1,49015
2305.544,1,48945
2307.255,1,48924
2308.966,1,48899
2310.676,1,48990
2312.386,1,48999
2314.096,1,48978
2315.805,1,48961
2317.514,1,48953
2319.222,1,48942
2320.930,1,48911
2322.638,1,48898
2324.345,1,48936
2326.052,1,48911
2327.759,1,48929
2329.465,1,48912
2331.171,1,48997
2332.877,1,48906
2334.582,1,48901
2336.286,1,48854
2337.991,1,48878
2339.695,1,48887
2341.398,1,48975
2343.101,1,48892
2344.804,1,48907
2346.507,1,48864
2348.209,1,48905
2349.910,1,48889
2351.612,1,48871
2353.313,1,48892
2355.013,1,48904
2356.714,1,48885
2358.413,1,48951
2360.113,1,48862
2361.812,1,48892
2363.511,1,48855
2365.209,1,48842
2366.907,1,48782
2368.604,1,48865
2370.302,1,48833
2371.998,1,48908
2373.695,1,48885
2375.391,1,48827
2377.087,1,48809
2378.782,1,48908
2380.477,1,48783
2382.172,1,48826
2383.866,1,48865
2385.560,1,48831
2387.253,1,48808
2388.946,1,48850
2390.639,1,48753
2392.331,1,48798
2394.023,1,48841
2395.715,1,48833
2397.406,1,48881
2399.097,1,48796
2400.787,1,48842
2402.477,1,48839
2404.167,1,48873
2405.857,1,48772
2407.545,1,48876
2409.234,1,48795
2410.922,1,48894
2412.610,1,48778
2414.298,1,48772
2415.985,1,48791
2417.672,1,48777
2419.358,1,48802
2421.044,1,48811
2422.730,1,48784
2424.415,1,48794
2426.100,1,48843
2427.784,1,48834
2429.469,1,48826
2431.152,1,48783
2432.836,1,48759
2434.519,1,48801
2436.202,1,48762
2437.884,1,48846
2439.566,1,48663
2441.247,1,48795
2442.929,1,48824
2444.609,1,48785
2446.290,1,48742
2447.970,1,48796
2449.650,1,48790
2451.329,1,48738
2453.008,1,48784
2454.687,1,48769
2456.365,1,48698
2458.043,1,48766
2459.720,1,48698
2461.398,1,48747
2463.074,1,48812
2464.751,1,48815
2466.427,1,48794
2468.103,1,48718
2469.778,1,48722
2471.453,1,48771
2473.127,1,48769
2474.802,1,48811
2476.475,1,48697
2478.149,1,48832
2479.822,1,48826
2481.495,1,48791
2483.167,1,48727
2484.839,1,48768
2486.511,1,48799
2488.182,1,48765
2489.853,1,48737
2491.524,1,48723
2493.194,1,48735
2494.864,1,48771
2496.533,1,48758
2498.202,1,48724
2499.871,1,48777
2501.539,1,48756
2503.207,1,48752
2504.875,1,48771
2506.542,1,48706
2508.209,1,48767
2509.876,1,48792
2511.542,1,48784
2513.208,1,48826
2514.873,1,48757
2516.538,1,48850
2518.203,1,48791
2519.867,1,48776
2521.531,1,48821
2523.195,1,48740
2524.858,1,48815
2526.521,1,48825
2528.183,1,48767
2529.846,1,48736
2531.507,1,48843
2533.169,1,48821
2534.830,1,48793
2536.491,1,48852
2538.151,1,48855
2539.811,1,48836
2541.471,1,48793
2543.130,1,48811
2544.789,1,48859
2546.447,1,48849
2548.106,1,48852
2549.763,1,48919
2551.421,1,48927
2553.078,1,48957
2554.735,1,48881
2556.391,1,48967
2558.047,1,49003
2559.703,1,48899
2561.358,1,48999
2563.013,1,49003
2564.667,1,49067
2566.322,1,49033
2567.976,1,49086
2569.629,1,49078
2571.282,1,49214
2572.935,1,49194
2574.587,1,49288
2576.239,1,49350
2577.891,1,49412
2579.542,1,49419
2581.193,1,49492
2582.844,1,49481
2584.494,1,49456
2586.144,1,49403
2587.794,1,49442
2589.443,1,49258
2591.092,1,49244
2592.740,1,49172
2594.388,1,49094
2596.036,1,49114
2597.683,1,49033
2599.330,1,49038
2600.977,1,48974
2602.623,1,48762
2604.269,1,48889
2605.915,1,48794
2607.560,1,48826
2609.205,1,48803
2610.850,1,48808
2612.494,1,48832
2614.138,1,48799
2615.781,1,48796
2617.424,1,48772
2619.067,1,48754
2620.709,1,48809
2622.351,1,48735
2623.993,1,48817
2625.634,1,48821
2627.275,1,48742
2628.916,1,48803
2630.556,1,48819
2632.196,1,48830
2633.836,1,48833
2635.475,1,48853
2637.114,1,48875
2638.752,1,48782
2640.390,1,48807
2642.028,1,48897
2643.665,1,48817
2645.302,1,48809
2646.939,1,48845
2648.575,1,48771
2650.211,1,48870
2651.847,1,48847
2653.482,1,48886
2655.117,1,48888
2656.752,1,48874
2658.386,1,48847
2660.020,1,48889
2661.653,1,48978
2663.286,1,48942
2664.919,1,48870
2666.552,1,48839
2668.184,1,48894
2669.816,1,49004
2671.447,1,48952
2673.078,1,48907
2674.709,1,48895
2676.339,1,48975
2677.969,1,48940
2679.599,1,49025
2681.228,1,48994
2682.857,1,49027
2684.485,1,48975
2686.113,1,48935
2687.741,1,49082
2689.369,1,49011
2690.996,1,49074
2692.623,1,48967
2694.249,1,49046
2695.875,1,49131
2697.501,1,49011
2699.127,1,49003
2700.752,1,49055
2702.376,1,49141
2704.001,1,49157
2705.625,1,49164
2707.248,1,49068
2708.872,1,49194
2710.495,1,49157
2712.117,1,49178
2713.739,1,49139
2715.361,1,49203
2716.983,1,49197
2718.604,1,49195
2720.225,1,49128
2721.845,1,49150
2723.465,1,49168
2725.085,1,49292
2726.705,1,49255
2728.324,1,49297
2729.943,1,49247
2731.561,1,49333
2733.179,1,49255
2734.797,1,49336
2736.414,1,49317
2738.031,1,49310
2739.648,1,49337
2741.264,1,49359
2742.880,1,49363
2744.496,1,49368
2746.111,1,49388
2747.726,1,49448
2749.340,1,49420
2750.955,1,49471
2752.568,1,49519
2754.182,1,49484
2755.795,1,49538
2757.408,1,49541
2759.020,1,49508
2760.633,1,49569
2762.244,1,49558
2763.856,1,49505
2765.467,1,49539
2767.078,1,49597
2768.688,1,49633
2770.298,1,49668
2771.908,1,49745
2773.517,1,49698
2775.126,1,49716
2776.735,1,49733
2778.343,1,49809
2779.951,1,49748
2781.559,1,49796
2783.166,1,49776
2784.773,1,49908
2786.380,1,49860
2787.986,1,49826
2789.592,1,49870
2791.198,1,49978
2792.803,1,49978
2794.408,1,49989
2796.012,1,50072
2797.616,1,49932
2799.220,1,50182
2800.824,1,50037
2802.427,1,50065
2804.030,1,50148
2805.632,1,50159
2807.234,1,50187
2808.836,1,50201
2810.438,1,50246
2812.039,1,50297
2813.639,1,50369
2815.240,1,50405
2816.840,1,50427
2818.440,1,50427
2820.039,1,50487
2821.638,1,50505
2823.237,1,50569
2824.835,1,50604
2826.433,1,50636
2828.031,1,50738
2829.628,1,50750
2831.225,1,50821
2832.822,1,50925
2834.418,1,50922
2836.014,1,50940
2837.610,1,51093
2839.205,1,51125
2840.800,1,51215
2842.394,1,51205
2843.989,1,51439
2845.583,1,51424
2847.176,1,51460
2848.769,1,51466
2850.362,1,51555
2851.955,1,51638
2853.547,1,51691
2855.139,1,51670
2856.730,1,51769
2858.322,1,51836
2859.912,1,51912
2861.503,1,51979
2863.093,1,52093
2864.683,1,52131
2866.272,1,52270
2867.862,1,52305
2869.450,1,52400
2871.039,1,52578
2872.627,1,52552
2874.215,1,52605
2875.802,1,52829
2877.389,1,52707
2878.976,1,52935
2880.563,1,52964
2882.149,1,53164
2883.734,1,53061
2885.320,1,53323
2886.905,1,53327
2888.490,1,53428
2890.074,1,53376
2891.658,1,53537
2893.242,1,53708
2894.825,1,53883
2896.408,1,53864
2897.991,1,53974
2899.574,1,54266
2901.156,1,54225
2902.737,1,54488
2904.319,1,54539
2905.900,1,54939
2907.480,1,55080
2909.061,1,55393
2910.641,1,55555
2912.220,1,55899
2913.800,1,56244
2915.379,1,56619
2916.958,1,56965
2918.536,1,57358
2920.114,1,57704
2921.692,1,58143
2923.269,1,58533
2924.846,1,58804
2926.423,1,59104
2927.999,1,59186
2929.575,1,59676
2931.151,1,60031
2932.726,1,60333
2934.301,1,60344
2935.875,1,60743
2937.450,1,61029
2939.024,1,61302
2940.597,1,61488
2942.171,1,61707
2943.744,1,61945
2945.316,1,61932
2946.889,1,61978
2948.461,1,61946
2950.032,1,61985
2951.604,1,62065
2953.175,1,61854
2954.745,1,61672
2956.316,1,61654
2957.886,1,61721
2959.455,1,61793
2961.024,1,61708
2962.593,1,61664
2964.162,1,61571
2965.730,1,61737
2967.298,1,61771
2968.866,1,61745
2970.433,1,61813
2972.000,1,61929
2973.567,1,62087
2975.133,1,62315
2976.699,1,62203
2978.265,1,62660
2979.830,1,62853
2981.395,1,62775
2982.960,1,62966
2984.524,1,63195
2986.088,1,63258
2987.652,1,63377
2989.215,1,63672
2990.778,1,63635
2992.341,1,63840
2993.903,1,63915
2995.465,1,64222
2997.027,1,64363
2998.588,1,64433
3000.149,1,64625
3001.710,1,64858
3003.270,1,64851
3004.830,1,65154
3006.390,1,65388
3007.949,1,65482
3009.508,1,65817
3011.067,1,66154
3012.626,1,66283
3014.184,1,66604
3015.741,1,66626
3017.299,1,66999
3018.856,1,67196
3020.412,1,67575
3021.969,1,68195
3023.525,1,68528
3025.081,1,68376
3026.636,1,68969
3028.191,1,69217
3029.746,1,69456
3031.300,1,69934
3032.854,1,70369
3034.408,1,70738
3035.962,1,70977
3037.515,1,71358
3039.068,1,72052
3040.620,1,72282
3042.172,1,72737
3043.724,1,73239
3045.275,1,73717
3046.827,1,74006
3048.377,1,74567
3049.928,1,75227
3051.478,1,75838
3053.028,1,76022
3054.577,1,76800
3056.127,1,77018
3057.675,1,77575
3059.224,1,78097
3060.772,1,78611
3062.320,1,79202
3063.868,1,79485
3065.415,1,79879
3066.962,1,80694
3068.508,1,81399
3070.054,1,81793
3071.600,1,82365
3073.146,1,82919
3074.691,1,83623
3076.236,1,83968
3077.781,1,84724
3079.325,1,85325
3080.869,1,86183
3082.413,1,86272
3083.956,1,87466
3085.499,1,88072
3087.042,1,88970
3088.584,1,89388
3090.126,1,90439
3091.668,1,91074
3093.209,1,91804
3094.750,1,92501
3096.291,1,93381
3097.831,1,94031
3099.371,1,94812
3100.911,1,95488
3102.451,1,96420
3103.990,1,97402
3105.528,1,97854
3107.067,1,98757
3108.605,1,99643
3110.143,1,100546
3111.680,1,101483
3113.217,1,102126
3114.754,1,103030
3116.291,1,104003
3117.827,1,104820
3119.363,1,105741
3120.898,1,106902
3122.434,1,107685
3123.969,1,108551
3125.503,1,109453
3127.037,1,110439
3128.571,1,111310
3130.105,1,112602
3131.638,1,113323
3133.171,1,114073
3134.704,1,115559
3136.236,1,116320
3137.768,1,117236
3139.300,1,118359
3140.831,1,119158
3142.362,1,120811
3143.893,1,121481
3145.423,1,122505
3146.954,1,123537
3148.483,1,124570
3150.013,1,125594
3151.542,1,126346
3153.071,1,127516
3154.599,1,128818
3156.127,1,130053
3157.655,1,130929
3159.183,1,131795
3160.710,1,132841
3162.237,1,133787
3163.763,1,134546
3165.290,1,135761
3166.815,1,136452
3168.341,1,137605
3169.866,1,138311
3171.391,1,140071
3172.916,1,140538
3174.440,1,141573
3175.964,1,142392
3177.488,1,143142
3179.011,1,144024
3180.534,1,145410
3182.057,1,145878
3183.579,1,147066
3185.102,1,147850
3186.623,1,148943
3188.145,1,149436
3189.666,1,150500
3191.187,1,150917
3192.707,1,151803
3194.227,1,152290
3195.747,1,153325
3197.267,1,154072
3198.786,1,154882
3200.305,1,155371
3201.824,1,156406
3203.342,1,156926
3204.860,1,157306
3206.378,1,158279
3207.895,1,158122
3209.412,1,159433
3210.929,1,159622
3212.445,1,159951
3213.961,1,161009
3215.477,1,160763
3216.992,1,161747
3218.507,1,161938
3220.022,1,162543
3221.537,1,162783
3223.051,1,163143
3224.565,1,163419
3226.078,1,163807
3227.591,1,164761
3229.104,1,165070
3230.617,1,165219
3232.129,1,165865
3233.641,1,165903
3235.153,1,165566
3236.664,1,166513
3238.175,1,166152
3239.686,1,166814
3241.196,1,166824
3242.706,1,167302
3244.216,1,167030
3245.725,1,167267
3247.235,1,167679
3248.743,1,168296
3250.252,1,167953
3251.760,1,167943
3253.268,1,168275
3254.775,1,167983
3256.283,1,168810
3257.790,1,168110
3259.296,1,168458
3260.803,1,168458
3262.309,1,168455
3263.814,1,168846
3265.320,1,168348
3266.825,1,168883
3268.329,1,168997
3269.834,1,169376
3271.338,1,169534
3272.842,1,169079
3274.345,1,170141
3275.848,1,169596
3277.351,1,169795
3278.854,1,169619
3280.356,1,170085
3281.858,1,170106
3283.359,1,170302
3284.861,1,170112
3286.362,1,170347
3287.862,1,170941
3289.363,1,170804
3290.863,1,171256
3292.363,1,171008
3293.862,1,170795
3295.361,1,171166
3296.860,1,171560
3298.358,1,171920
3299.857,1,171524
3301.355,1,171599
3302.852,1,172036
3304.349,1,172012
3305.846,1,171942
3307.343,1,172373
3308.839,1,172566
3310.335,1,172188
3311.831,1,172624
3313.326,1,172854
3314.821,1,173364
3316.316,1,173301
3317.811,1,173249
3319.305,1,173823
3320.799,1,174009
3322.292,1,174408
3323.785,1,174227
3325.278,1,174133
3326.771,1,174514
3328.263,1,174497
3329.755,1,175071
3331.247,1,175479
3332.738,1,174842
3334.229,1,175809
3335.720,1,175931
3337.211,1,175856
3338.701,1,176398
3340.191,1,176703
3341.680,1,176640
3343.169,1,177157
3344.658,1,177407
3346.147,1,177937
3347.635,1,177728
3349.123,1,178284
3350.611,1,178290
3352.098,1,178904
3353.585,1,178977
3355.072,1,179371
3356.558,1,179575
3358.044,1,179837
3359.530,1,180519
3361.016,1,180622
3362.501,1,180672
3363.986,1,180950
3365.471,1,181560
3366.955,1,181831
3368.439,1,181931
3369.923,1,182620
3371.406,1,182390
3372.889,1,183395
3374.372,1,183424
3375.854,1,183748
3377.336,1,183797
3378.818,1,184123
3380.300,1,184026
3381.781,1,184514
3383.262,1,184244
3384.743,1,185110
3386.223,1,184747
3387.703,1,184913
3389.183,1,184796
3390.662,1,184833
3392.141,1,185214
3393.620,1,184704
3395.098,1,185094
3396.577,1,184877
3398.054,1,185155
3399.532,1,185557
3401.009,1,185334
3402.486,1,184826
3403.963,1,185090
3405.439,1,185643
3406.915,1,184543
3408.391,1,184851
3409.866,1,184813
3411.342,1,184853
3412.816,1,185078
3414.291,1,185090
3415.765,1,185049
3417.239,1,184431
3418.713,1,184195
3420.186,1,184134
3421.659,1,184072
3423.132,1,184153
3424.604,1,183510
3426.076,1,183203
3427.548,1,182170
3429.020,1,181762
3430.491,1,181555
3431.962,1,181424
3433.432,1,180781
3434.903,1,180624
3436.373,1,179469
3437.842,1,179953
3439.312,1,179610
3440.781,1,179374
3442.250,1,179009
3443.718,1,178373
3445.186,1,178294
3446.654,1,177691
3448.122,1,176996
3449.589,1,176794
3451.056,1,176003
3452.523,1,175594
