1176.150,1,56092
1178.120,1,52003
1180.090,1,50975
1182.059,1,51099
1184.028,1,51061
1185.997,1,51002
1187.965,1,50929
1189.932,1,50940
1191.899,1,51015
1193.866,1,50987
1195.832,1,50953
1197.798,1,50921
1199.763,1,51046
1201.728,1,50984
1203.692,1,51053
1205.656,1,51014
1207.619,1,51008
1209.582,1,51042
1211.545,1,50960
1213.507,1,51095
1215.468,1,50993
1217.429,1,51028
1219.390,1,50999
1221.350,1,50910
1223.310,1,50994
1225.269,1,50850
1227.227,1,50947
1229.186,1,50952
1231.144,1,50819
1233.101,1,50950
1235.058,1,51014
1237.014,1,50903
1238.970,1,51002
1240.926,1,50991
1242.881,1,51039
1244.835,1,51040
1246.789,1,51049
1248.743,1,51040
1250.696,1,51045
1252.649,1,50997
1254.601,1,51081
1256.553,1,51047
1258.504,1,51001
1260.455,1,51005
1262.405,1,50971
1264.355,1,51047
1266.305,1,51038
1268.254,1,51014
1270.202,1,51067
1272.150,1,51104
1274.098,1,51070
1276.045,1,51076
1277.992,1,51103
1279.938,1,51052
1281.884,1,51012
1283.829,1,50946
1285.774,1,50961
1287.718,1,51079
1289.662,1,50996
1291.606,1,50976
1293.549,1,50975
1295.492,1,50972
1297.434,1,50987
1299.375,1,50977
1301.317,1,51001
1303.257,1,50913
1305.198,1,50992
1307.137,1,51029
1309.077,1,50947
1311.016,1,50981
1312.954,1,50986
1314.892,1,50923
1316.830,1,50916
1318.767,1,50991
1320.703,1,50873
1322.640,1,50920
1324.575,1,50891
1326.511,1,50855
1328.445,1,50881
1330.380,1,50915
1332.314,1,50852
1334.247,1,50870
1336.180,1,50983
1338.113,1,50912
1340.045,1,50852
1341.976,1,51011
1343.908,1,50868
1345.838,1,50857
1347.769,1,50940
1349.698,1,50915
1351.628,1,50843
1353.557,1,50844
1355.485,1,50848
1357.413,1,50918
1359.341,1,50779
1361.268,1,50877
1363.194,1,50784
1365.121,1,50824
1367.046,1,50774
1368.972,1,50751
1370.896,1,50831
1372.821,1,50842
1374.745,1,50816
1376.668,1,50752
1378.591,1,50774
1380.514,1,50788
1382.436,1,50788
1384.358,1,50866
1386.279,1,50848
1388.200,1,50816
1390.120,1,50797
1392.040,1,50937
1393.959,1,50837
1395.878,1,50953
1397.797,1,50887
1399.715,1,50897
1401.632,1,50926
1403.550,1,50888
1405.466,1,50910
1407.383,1,50936
1409.298,1,50834
1411.214,1,50819
1413.129,1,50961
1415.043,1,50912
1416.957,1,50956
1418.871,1,50904
1420.784,1,50873
1422.697,1,50923
1424.609,1,50915
1426.521,1,50936
1428.432,1,50964
1430.343,1,50911
1432.253,1,50901
1434.163,1,50857
1436.073,1,50822
1437.982,1,50949
1439.891,1,50894
1441.799,1,50919
1443.707,1,50989
1445.614,1,50951
1447.521,1,50959
1449.427,1,50948
1451.333,1,50979
1453.239,1,50956
1455.144,1,50960
1457.048,1,50942
1458.953,1,51022
1460.856,1,50996
1462.760,1,51064
1464.663,1,51071
1466.565,1,51047
1468.467,1,51017
1470.369,1,51024
1472.270,1,50999
1474.170,1,50997
1476.071,1,51075
1477.970,1,51120
1479.870,1,51030
1481.769,1,51057
1483.667,1,50909
1485.565,1,51002
1487.462,1,50912
1489.360,1,50912
1491.256,1,50890
1493.152,1,50865
1495.048,1,50915
1496.944,1,50869
1498.839,1,50991
1500.733,1,50862
1502.627,1,50871
1504.521,1,50890
1506.414,1,50825
1508.306,1,50882
1510.199,1,50957
1512.090,1,50894
1513.982,1,50845
1515.873,1,50832
1517.763,1,50936
1519.653,1,50880
1521.543,1,50937
1523.432,1,50976
1525.321,1,50953
1527.209,1,50897
1529.097,1,51037
1530.984,1,50940
1532.871,1,51021
1534.758,1,51014
1536.644,1,50879
1538.530,1,51016
1540.415,1,50999
1542.300,1,50968
1544.184,1,51030
1546.068,1,51024
1547.951,1,51037
1549.834,1,51087
1551.717,1,51046
1553.599,1,51123
1555.481,1,50968
1557.362,1,51095
1559.243,1,51047
1561.123,1,51029
1563.003,1,51158
1564.883,1,50950
1566.762,1,51163
1568.641,1,51009
1570.519,1,51068
1572.397,1,50991
1574.274,1,51140
1576.151,1,51069
1578.028,1,51101
1579.904,1,51124
1581.779,1,51161
1583.654,1,51203
1585.529,1,51157
1587.403,1,51135
1589.277,1,51093
1591.151,1,51292
1593.024,1,51255
1594.896,1,51269
1596.769,1,51274
1598.640,1,51285
1600.512,1,51301
1602.382,1,51273
1604.253,1,51258
1606.123,1,51374
1607.992,1,51405
1609.861,1,51396
1611.730,1,51440
1613.598,1,51532
1615.466,1,51468
1617.334,1,51440
1619.201,1,51419
1621.067,1,51412
1622.933,1,51602
1624.799,1,51518
1626.664,1,51533
1628.529,1,51584
1630.393,1,51621
1632.257,1,51592
1634.121,1,51564
1635.984,1,51698
1637.846,1,51648
1639.709,1,51640
1641.570,1,51792
1643.432,1,51689
1645.293,1,51590
1647.153,1,51772
1649.013,1,51775
1650.873,1,51727
1652.732,1,51762
1654.591,1,51767
1656.449,1,51708
1658.307,1,51692
1660.165,1,51792
1662.022,1,51704
1663.878,1,51588
1665.734,1,51613
1667.590,1,51668
1669.446,1,51641
1671.300,1,51610
1673.155,1,51530
1675.009,1,51435
1676.863,1,51579
1678.716,1,51507
1680.569,1,51435
1682.421,1,51530
1684.273,1,51394
1686.124,1,51418
1687.976,1,51413
1689.826,1,51347
1691.676,1,51337
1693.526,1,51418
1695.376,1,51368
1697.225,1,51259
1699.073,1,51330
1700.921,1,51322
1702.769,1,51373
1704.616,1,51225
1706.463,1,51252
1708.309,1,51236
1710.155,1,51200
1712.001,1,51245
1713.846,1,51230
1715.691,1,51259
1717.535,1,51191
1719.379,1,51119
1721.222,1,51094
1723.065,1,51114
1724.908,1,51212
1726.750,1,51187
1728.592,1,51065
1730.433,1,51058
1732.274,1,51114
1734.114,1,51131
1735.954,1,51125
1737.794,1,51157
1739.633,1,51104
1741.472,1,51089
1743.310,1,51055
1745.148,1,51124
1746.986,1,51123
1748.823,1,51075
1750.659,1,51038
1752.496,1,51016
1754.332,1,51066
1756.167,1,51086
1758.002,1,51141
1759.836,1,51105
1761.671,1,50983
1763.504,1,51081
1765.338,1,51004
1767.171,1,51025
1769.003,1,51114
1770.835,1,51028
1772.667,1,51092
1774.498,1,51136
1776.329,1,51120
1778.159,1,51031
1779.989,1,51010
1781.818,1,51115
1783.648,1,50993
1785.476,1,51013
1787.304,1,51021
1789.132,1,50980
1790.960,1,51041
1792.787,1,51120
1794.613,1,51048
1796.440,1,51060
1798.265,1,51116
1800.091,1,51104
1801.916,1,51091
1803.740,1,51093
1805.564,1,50983
1807.388,1,51053
1809.211,1,51106
1811.034,1,51214
1812.856,1,51107
1814.678,1,51115
1816.500,1,51009
1818.321,1,51068
1820.142,1,51136
1821.962,1,51081
1823.782,1,51112
1825.602,1,51138
1827.421,1,51052
1829.239,1,51150
1831.058,1,51064
1832.875,1,51045
1834.693,1,51133
1836.510,1,51090
1838.327,1,51184
1840.143,1,51230
1841.959,1,51156
1843.774,1,51002
1845.589,1,51159
1847.403,1,51097
1849.217,1,51174
1851.031,1,51198
1852.844,1,51116
1854.657,1,51034
1856.470,1,51171
1858.282,1,51175
1860.093,1,51189
1861.905,1,51141
1863.716,1,51243
1865.526,1,51204
1867.336,1,51128
1869.146,1,51271
1870.955,1,51061
1872.763,1,51131
1874.572,1,51143
1876.380,1,51199
1878.187,1,51328
1879.994,1,51174
1881.801,1,51217
1883.607,1,51264
1885.413,1,51230
1887.219,1,51319
1889.024,1,51163
1890.828,1,51167
1892.633,1,51310
1894.436,1,51153
1896.240,1,51277
1898.043,1,51306
1899.845,1,51247
1901.648,1,51256
1903.449,1,51178
1905.251,1,51232
1907.052,1,51328
1908.852,1,51282
1910.652,1,51279
1912.452,1,51254
1914.251,1,51367
1916.050,1,51337
1917.849,1,51295
1919.647,1,51391
1921.445,1,51283
1923.242,1,51285
1925.039,1,51251
1926.835,1,51294
1928.631,1,51301
1930.427,1,51289
1932.222,1,51290
1934.017,1,51362
1935.811,1,51337
1937.605,1,51404
1939.399,1,51400
1941.192,1,51383
1942.985,1,51340
1944.777,1,51305
1946.569,1,51425
1948.361,1,51353
1950.152,1,51427
1951.943,1,51391
1953.733,1,51305
1955.523,1,51382
1957.313,1,51344
1959.102,1,51275
1960.891,1,51310
1962.679,1,51255
1964.467,1,51290
1966.254,1,51370
1968.041,1,51183
1969.828,1,51357
1971.614,1,51518
1973.400,1,51338
1975.186,1,51448
1976.971,1,51450
1978.756,1,51371
1980.540,1,51507
1982.324,1,51343
1984.107,1,51419
1985.890,1,51445
1987.673,1,51440
1989.455,1,51380
1991.237,1,51481
1993.019,1,51396
1994.800,1,51415
1996.580,1,51501
1998.361,1,51501
2000.141,1,51447
2001.920,1,51529
2003.699,1,51490
2005.478,1,51447
2007.256,1,51426
2009.034,1,51437
2010.811,1,51397
2012.588,1,51436
2014.365,1,51505
2016.141,1,51419
2017.917,1,51490
2019.692,1,51448
2021.468,1,51452
2023.242,1,51545
2025.016,1,51354
2026.790,1,51711
2028.564,1,51476
2030.337,1,51579
2032.109,1,51485
2033.882,1,51526
2035.653,1,51542
2037.425,1,51508
2039.196,1,51479
2040.967,1,51571
2042.737,1,51518
2044.507,1,51506
2046.276,1,51555
2048.045,1,51555
2049.814,1,51585
2051.582,1,51566
2053.350,1,51543
2055.117,1,51585
2056.884,1,51614
2058.651,1,51469
2060.417,1,51441
2062.183,1,51477
2063.949,1,51548
2065.714,1,51564
2067.479,1,51580
2069.243,1,51580
2071.007,1,51549
2072.770,1,51577
2074.533,1,51573
2076.296,1,51591
2078.058,1,51646
2079.820,1,51581
2081.582,1,51662
2083.343,1,51586
2085.103,1,51565
2086.864,1,51651
2088.624,1,51610
2090.383,1,51675
2092.142,1,51611
2093.901,1,51607
2095.659,1,51595
2097.417,1,51689
2099.175,1,51615
2100.932,1,51695
2102.689,1,51563
2104.445,1,51551
2106.201,1,51512
2107.957,1,51611
2109.712,1,51604
2111.467,1,51658
2113.221,1,51713
2114.975,1,51622
2116.729,1,51575
2118.482,1,51574
2120.235,1,51701
2121.987,1,51591
2123.739,1,51645
2125.491,1,51683
2127.242,1,51693
2128.993,1,51584
2130.744,1,51551
2132.494,1,51653
2134.243,1,51617
2135.993,1,51743
2137.742,1,51614
2139.490,1,51617
2141.238,1,51627
2142.986,1,51716
2144.733,1,51659
2146.480,1,51618
2148.227,1,51699
2149.973,1,51572
2151.719,1,51667
2153.464,1,51659
2155.209,1,51699
2156.954,1,51774
2158.698,1,51701
2160.442,1,51706
2162.185,1,51702
2163.928,1,51770
2165.671,1,51625
2167.413,1,51635
2169.155,1,51700
2170.896,1,51685
2172.638,1,51637
2174.378,1,51759
2176.119,1,51760
2177.859,1,51680
2179.598,1,51681
2181.337,1,51670
2183.076,1,51824
2184.814,1,51691
2186.552,1,51687
2188.290,1,51735
2190.027,1,51687
2191.764,1,51684
2193.500,1,51742
2195.236,1,51778
2196.972,1,51819
2198.707,1,51896
2200.442,1,51760
2202.177,1,51730
2203.911,1,51757
2205.645,1,51778
2207.378,1,51701
2209.111,1,51705
2210.844,1,51840
2212.576,1,51870
2214.308,1,51739
2216.039,1,49355
2217.770,1,51651
2219.501,1,51758
2221.231,1,51664
2222.961,1,51661
2224.690,1,51711
2226.419,1,51871
2228.148,1,51759
2229.876,1,51754
2231.604,1,51790
2233.332,1,51841
2235.059,1,51808
2236.786,1,51838
2238.512,1,51746
2240.238,1,51702
2241.964,1,51745
2243.689,1,51769
2245.414,1,51742
2247.138,1,51781
2248.863,1,51789
2250.586,1,51837
2252.310,1,51796
2254.033,1,51773
2255.755,1,51830
2257.477,1,51758
2259.199,1,51733
2260.921,1,51683
2262.642,1,51719
2264.362,1,51794
2266.083,1,51655
2267.802,1,51846
2269.522,1,51681
2271.241,1,51786
2272.960,1,51827
2274.678,1,51770
2276.396,1,51726
2278.114,1,51774
2279.831,1,51727
2281.548,1,51785
2283.264,1,51797
2284.980,1,51731
2286.696,1,51679
2288.411,1,51799
2290.126,1,51676
2291.841,1,51843
2293.555,1,51756
2295.269,1,51758
2296.982,1,51780
2298.695,1,51784
2300.408,1,51847
2302.120,1,51718
2303.832,1,51830
2305.544,1,51764
2307.255,1,51829
2308.966,1,51804
2310.676,1,51800
2312.386,1,51771
2314.096,1,51839
2315.805,1,51750
2317.514,1,51791
2319.222,1,51752
2320.930,1,51787
2322.638,1,51816
2324.345,1,51738
2326.052,1,51890
2327.759,1,51843
2329.465,1,51731
2331.171,1,51752
2332.877,1,51904
2334.582,1,51774
2336.286,1,51955
2337.991,1,51891
2339.695,1,51771
2341.398,1,51616
2343.101,1,51790
2344.804,1,51837
2346.507,1,51781
2348.209,1,51729
2349.910,1,51783
2351.612,1,51810
2353.313,1,51837
2355.013,1,51786
2356.714,1,51762
2358.413,1,51786
2360.113,1,51835
2361.812,1,51904
2363.511,1,51691
2365.209,1,51763
2366.907,1,51810
2368.604,1,51807
2370.302,1,51844
2371.998,1,51831
2373.695,1,51696
2375.391,1,51725
2377.087,1,51727
2378.782,1,51754
2380.477,1,51797
2382.172,1,51786
2383.866,1,51820
2385.560,1,51787
2387.253,1,51729
2388.946,1,51791
2390.639,1,51778
2392.331,1,51813
2394.023,1,51727
2395.715,1,51874
2397.406,1,51803
2399.097,1,51795
2400.787,1,51902
2402.477,1,51699
2404.167,1,51812
2405.857,1,51835
2407.545,1,51774
2409.234,1,51815
2410.922,1,51702
2412.610,1,51802
2414.298,1,51848
2415.985,1,51786
2417.672,1,51683
2419.358,1,51849
2421.044,1,51706
2422.730,1,51824
2424.415,1,51703
2426.100,1,51807
2427.784,1,51810
2429.469,1,51775
2431.152,1,51705
2432.836,1,51686
2434.519,1,51747
2436.202,1,51695
2437.884,1,51693
2439.566,1,51735
2441.247,1,51650
2442.929,1,51792
2444.609,1,51748
2446.290,1,51659
2447.970,1,51752
2449.650,1,51799
2451.329,1,51630
2453.008,1,51787
2454.687,1,51840
2456.365,1,51709
2458.043,1,51860
2459.720,1,51835
2461.398,1,51765
2463.074,1,51752
2464.751,1,51744
2466.427,1,51772
2468.103,1,51731
2469.778,1,51693
2471.453,1,51734
2473.127,1,51724
2474.802,1,51751
2476.475,1,51670
2478.149,1,51725
2479.822,1,51722
2481.495,1,51691
2483.167,1,51784
2484.839,1,51750
2486.511,1,51722
2488.182,1,51710
2489.853,1,51780
2491.524,1,51760
2493.194,1,51752
2494.864,1,51826
2496.533,1,51770
2498.202,1,51746
2499.871,1,51667
2501.539,1,51735
2503.207,1,51791
2504.875,1,51765
2506.542,1,51661
2508.209,1,51721
2509.876,1,51650
2511.542,1,51746
2513.208,1,51667
2514.873,1,51760
2516.538,1,51704
2518.203,1,51718
2519.867,1,51781
2521.531,1,51860
2523.195,1,51750
2524.858,1,51805
2526.521,1,51678
2528.183,1,51817
2529.846,1,51767
2531.507,1,51724
2533.169,1,51757
2534.830,1,51589
2536.491,1,51782
2538.151,1,51811
2539.811,1,51841
2541.471,1,51760
2543.130,1,51729
2544.789,1,51695
2546.447,1,51814
2548.106,1,51788
2549.763,1,51754
2551.421,1,51804
2553.078,1,51786
2554.735,1,51578
2556.391,1,51776
2558.047,1,51757
2559.703,1,51820
2561.358,1,51737
2563.013,1,51650
2564.667,1,51777
2566.322,1,51778
2567.976,1,51677
2569.629,1,51785
2571.282,1,51795
2572.935,1,51798
2574.587,1,51756
2576.239,1,51798
2577.891,1,51661
2579.542,1,51669
2581.193,1,51751
2582.844,1,51779
2584.494,1,51748
2586.144,1,51717
2587.794,1,51691
2589.443,1,51735
2591.092,1,51673
2592.740,1,51794
2594.388,1,51736
2596.036,1,51654
2597.683,1,51848
2599.330,1,51676
2600.977,1,51703
2602.623,1,51773
2604.269,1,51706
2605.915,1,51839
2607.560,1,51780
2609.205,1,51692
2610.850,1,51789
2612.494,1,51609
2614.138,1,51760
2615.781,1,51716
2617.424,1,51815
2619.067,1,51756
2620.709,1,51805
2622.351,1,51780
2623.993,1,51725
2625.634,1,51756
2627.275,1,51792
2628.916,1,51756
2630.556,1,51784
2632.196,1,51839
2633.836,1,51840
2635.475,1,51886
2637.114,1,51854
2638.752,1,51926
2640.390,1,51854
2642.028,1,51972
2643.665,1,51944
2645.302,1,51942
2646.939,1,51931
2648.575,1,51864
2650.211,1,52039
2651.847,1,51951
2653.482,1,51982
2655.117,1,51937
2656.752,1,51973
2658.386,1,52117
2660.020,1,52004
2661.653,1,52048
2663.286,1,51963
2664.919,1,52076
2666.552,1,52020
2668.184,1,51990
2669.816,1,52095
2671.447,1,52193
2673.078,1,52081
2674.709,1,52062
2676.339,1,52215
2677.969,1,52118
2679.599,1,52195
2681.228,1,52179
2682.857,1,52245
2684.485,1,52223
2686.113,1,52244
2687.741,1,52194
2689.369,1,52237
2690.996,1,52204
2692.623,1,52217
2694.249,1,52277
2695.875,1,52327
2697.501,1,52283
2699.127,1,52315
2700.752,1,52262
2702.376,1,52256
2704.001,1,52266
2705.625,1,52308
2707.248,1,52356
2708.872,1,52372
2710.495,1,52251
2712.117,1,52419
2713.739,1,52337
2715.361,1,52386
2716.983,1,52403
2718.604,1,52320
2720.225,1,52360
2721.845,1,52332
2723.465,1,52340
2725.085,1,52466
2726.705,1,52342
2728.324,1,52338
2729.943,1,52417
2731.561,1,52510
2733.179,1,52411
2734.797,1,52408
2736.414,1,52493
2738.031,1,52435
2739.648,1,52458
2741.264,1,52408
2742.880,1,52410
2744.496,1,52505
2746.111,1,52488
2747.726,1,52541
2749.340,1,52471
2750.955,1,52438
2752.568,1,52493
2754.182,1,52471
2755.795,1,52481
2757.408,1,52543
2759.020,1,52548
2760.633,1,52494
2762.244,1,52441
2763.856,1,52553
2765.467,1,52479
2767.078,1,52526
2768.688,1,52549
2770.298,1,52613
2771.908,1,52527
2773.517,1,52500
2775.126,1,52451
2776.735,1,52568
2778.343,1,52456
2779.951,1,52581
2781.559,1,52575
2783.166,1,52471
2784.773,1,52583
2786.380,1,52593
2787.986,1,52576
2789.592,1,52713
2791.198,1,52544
2792.803,1,52557
2794.408,1,52614
2796.012,1,52546
2797.616,1,52625
2799.220,1,52588
2800.824,1,52689
2802.427,1,52648
2804.030,1,52670
2805.632,1,52607
2807.234,1,52666
2808.836,1,52720
2810.438,1,52700
2812.039,1,52739
2813.639,1,52712
2815.240,1,52803
2816.840,1,52708
2818.440,1,52762
2820.039,1,52718
2821.638,1,52732
2823.237,1,52751
2824.835,1,52673
2826.433,1,52744
2828.031,1,52761
2829.628,1,52839
2831.225,1,52826
2832.822,1,52803
2834.418,1,52887
2836.014,1,52814
2837.610,1,52888
2839.205,1,52983
2840.800,1,52929
2842.394,1,52902
2843.989,1,52995
2845.583,1,52985
2847.176,1,53084
2848.769,1,53063
2850.362,1,53043
2851.955,1,53171
2853.547,1,53217
2855.139,1,53217
2856.730,1,53198
2858.322,1,53289
2859.912,1,53315
2861.503,1,53423
2863.093,1,53613
2864.683,1,53741
2866.272,1,53743
2867.862,1,53768
2869.450,1,53798
2871.039,1,53857
2872.627,1,53946
2874.215,1,53873
2875.802,1,53903
2877.389,1,54076
2878.976,1,53859
2880.563,1,53758
2882.149,1,53916
2883.734,1,53855
2885.320,1,53898
2886.905,1,53966
2888.490,1,54158
2890.074,1,54065
2891.658,1,54071
2893.242,1,54128
2894.825,1,54333
2896.408,1,54343
2897.991,1,54324
2899.574,1,54406
2901.156,1,54436
2902.737,1,54460
2904.319,1,54563
2905.900,1,54629
2907.480,1,54801
2909.061,1,54773
2910.641,1,54867
2912.220,1,55033
2913.800,1,55071
2915.379,1,55143
2916.958,1,55112
2918.536,1,55159
2920.114,1,55354
2921.692,1,55402
2923.269,1,55586
2924.846,1,55524
2926.423,1,55479
2927.999,1,55433
2929.575,1,55442
2931.151,1,55726
2932.726,1,55659
2934.301,1,55655
2935.875,1,55546
2937.450,1,55707
2939.024,1,55620
2940.597,1,55579
2942.171,1,55599
2943.744,1,55560
2945.316,1,55385
2946.889,1,55428
2948.461,1,55328
2950.032,1,55395
2951.604,1,55467
2953.175,1,55324
2954.745,1,55272
2956.316,1,55261
2957.886,1,55160
2959.455,1,55183
2961.024,1,55348
2962.593,1,55450
2964.162,1,55329
2965.730,1,55229
2967.298,1,55305
2968.866,1,55279
2970.433,1,55345
2972.000,1,55478
2973.567,1,55374
2975.133,1,55409
2976.699,1,55461
2978.265,1,55379
2979.830,1,55498
2981.395,1,55424
2982.960,1,55409
2984.524,1,55506
2986.088,1,55441
2987.652,1,55412
2989.215,1,55503
2990.778,1,55572
2992.341,1,55601
2993.903,1,55656
2995.465,1,55546
2997.027,1,55622
2998.588,1,55620
3000.149,1,55619
3001.710,1,55675
3003.270,1,55781
3004.830,1,55688
3006.390,1,55745
3007.949,1,55850
3009.508,1,55895
3011.067,1,55772
3012.626,1,55973
3014.184,1,56020
3015.741,1,56046
3017.299,1,55948
3018.856,1,56185
3020.412,1,56194
3021.969,1,56235
3023.525,1,56261
3025.081,1,56322
3026.636,1,56553
3028.191,1,56538
3029.746,1,56583
3031.300,1,56637
3032.854,1,56728
3034.408,1,56842
3035.962,1,56937
3037.515,1,56815
3039.068,1,57011
3040.620,1,57232
3042.172,1,57177
3043.724,1,57237
3045.275,1,57453
3046.827,1,57435
3048.377,1,57631
3049.928,1,57787
3051.478,1,57777
3053.028,1,57922
3054.577,1,58039
3056.127,1,58253
3057.675,1,58223
3059.224,1,58362
3060.772,1,58387
3062.320,1,58509
3063.868,1,58740
3065.415,1,58734
3066.962,1,58808
3068.508,1,58799
3070.054,1,58877
3071.600,1,59062
3073.146,1,59281
3074.691,1,59161
3076.236,1,59401
3077.781,1,59548
3079.325,1,59431
3080.869,1,59752
3082.413,1,59980
3083.956,1,59942
3085.499,1,60039
3087.042,1,60131
3088.584,1,60262
3090.126,1,60478
3091.668,1,60579
3093.209,1,60611
3094.750,1,60923
3096.291,1,61034
3097.831,1,61025
3099.371,1,61426
3100.911,1,61428
3102.451,1,61416
3103.990,1,61597
3105.528,1,61876
3107.067,1,62122
3108.605,1,62280
3110.143,1,62522
3111.680,1,62443
3113.217,1,62602
3114.754,1,63006
3116.291,1,63053
3117.827,1,63215
3119.363,1,63446
3120.898,1,63540
3122.434,1,63807
3123.969,1,64212
3125.503,1,64223
3127.037,1,64382
3128.571,1,64461
3130.105,1,64643
3131.638,1,64901
3133.171,1,65114
3134.704,1,65245
3136.236,1,65642
3137.768,1,65357
3139.300,1,65942
3140.831,1,66067
3142.362,1,66366
3143.893,1,66407
3145.423,1,66923
3146.954,1,66953
3148.483,1,67125
3150.013,1,67153
3151.542,1,67572
3153.071,1,67619
3154.599,1,67810
3156.127,1,68149
3157.655,1,68286
3159.183,1,68379
3160.710,1,68577
3162.237,1,68922
3163.763,1,69073
3165.290,1,69260
3166.815,1,69522
3168.341,1,69415
3169.866,1,69745
3171.391,1,70033
3172.916,1,70201
3174.440,1,70290
3175.964,1,70394
3177.488,1,70605
3179.011,1,70734
3180.534,1,71102
3182.057,1,71048
3183.579,1,71337
3185.102,1,71438
3186.623,1,71636
3188.145,1,71917
3189.666,1,72029
3191.187,1,72064
3192.707,1,72235
3194.227,1,72589
3195.747,1,72503
3197.267,1,72573
3198.786,1,72998
3200.305,1,73096
3201.824,1,73153
3203.342,1,73206
3204.860,1,73077
3206.378,1,73576
3207.895,1,73654
3209.412,1,73761
3210.929,1,73666
3212.445,1,73888
3213.961,1,73881
3215.477,1,74055
3216.992,1,74276
3218.507,1,74001
3220.022,1,74235
3221.537,1,74214
3223.051,1,74225
3224.565,1,74229
3226.078,1,74585
3227.591,1,74413
3229.104,1,74485
3230.617,1,74789
3232.129,1,74687
3233.641,1,74771
3235.153,1,74947
3236.664,1,74817
3238.175,1,75154
3239.686,1,75075
3241.196,1,75307
3242.706,1,75188
3244.216,1,75107
3245.725,1,75156
3247.235,1,75170
3248.743,1,75247
3250.252,1,75108
3251.760,1,75115
3253.268,1,75238
3254.775,1,75067
3256.283,1,75465
3257.790,1,75063
3259.296,1,75277
3260.803,1,75371
3262.309,1,75263
3263.814,1,75400
3265.320,1,75314
3266.825,1,75527
3268.329,1,75525
3269.834,1,75425
3271.338,1,75396
3272.842,1,75668
3274.345,1,75590
3275.848,1,75442
3277.351,1,75458
3278.854,1,75664
3280.356,1,75592
3281.858,1,75834
3283.359,1,75689
3284.861,1,75796
3286.362,1,75735
3287.862,1,75907
3289.363,1,75993
3290.863,1,75840
3292.363,1,75859
3293.862,1,75783
3295.361,1,75764
3296.860,1,75828
3298.358,1,76092
3299.857,1,75930
3301.355,1,75888
3302.852,1,75965
3304.349,1,75893
3305.846,1,76089
3307.343,1,76190
3308.839,1,76167
3310.335,1,76115
3311.831,1,76131
3313.326,1,76168
3314.821,1,76055
3316.316,1,76152
3317.811,1,76251
3319.305,1,76358
3320.799,1,76476
3322.292,1,76153
3323.785,1,76297
3325.278,1,76616
3326.771,1,76474
3328.263,1,76227
3329.755,1,76602
3331.247,1,76607
3332.738,1,76566
3334.229,1,76716
3335.720,1,76746
3337.211,1,76692
3338.701,1,76891
3340.191,1,76894
3341.680,1,76820
3343.169,1,76899
3344.658,1,77126
3346.147,1,76797
3347.635,1,77102
3349.123,1,77044
3350.611,1,76984
3352.098,1,77288
3353.585,1,77130
3355.072,1,77331
3356.558,1,77254
3358.044,1,77368
3359.530,1,77463
3361.016,1,77534
3362.501,1,77449
3363.986,1,77786
3365.471,1,77532
3366.955,1,77786
3368.439,1,77837
3369.923,1,77611
3371.406,1,77974
3372.889,1,77861
3374.372,1,77922
3375.854,1,77852
3377.336,1,78111
3378.818,1,77919
3380.300,1,77881
3381.781,1,78056
3383.262,1,78132
3384.743,1,78265
3386.223,1,78017
3387.703,1,78156
3389.183,1,78193
3390.662,1,78301
3392.141,1,77878
3393.620,1,77931
3395.098,1,77956
3396.577,1,77813
3398.054,1,77963
3399.532,1,78043
3401.009,1,78032
3402.486,1,78180
3403.963,1,77943
3405.439,1,78100
3406.915,1,77664
3408.391,1,77952
3409.866,1,77966
3411.342,1,78077
3412.816,1,77996
3414.291,1,78049
3415.765,1,77843
3417.239,1,77611
3418.713,1,77870
3420.186,1,77698
3421.659,1,77661
3423.132,1,77727
3424.604,1,77389
3426.076,1,77483
3427.548,1,77368
3429.020,1,77244
3430.491,1,77230
3431.962,1,77048
3433.432,1,77244
3434.903,1,76898
3436.373,1,76845
3437.842,1,76948
3439.312,1,76765
3440.781,1,76707
3442.250,1,76729
3443.718,1,76508
3445.186,1,76336
3446.654,1,76341
3448.122,1,75965
3449.589,1,76103
3451.056,1,75898
3452.523,1,75770
