1176.150,1,81208
1178.120,1,77150
1180.090,1,76234
1182.059,1,76308
1184.028,1,76343
1185.997,1,76371
1187.965,1,76538
1189.932,1,76740
1191.899,1,76378
1193.866,1,75944
1195.832,1,76028
1197.798,1,76073
1199.763,1,76096
1201.728,1,76212
1203.692,1,75820
1205.656,1,75690
1207.619,1,75733
1209.582,1,75663
1211.545,1,75558
1213.507,1,75296
1215.468,1,75298
1217.429,1,75535
1219.390,1,75551
1221.350,1,75703
1223.310,1,75799
1225.269,1,76260
1227.227,1,76272
1229.186,1,76577
1231.144,1,76643
1233.101,1,76866
1235.058,1,77130
1237.014,1,77213
1238.970,1,77422
1240.926,1,78068
1242.881,1,78123
1244.835,1,78632
1246.789,1,78616
1248.743,1,78785
1250.696,1,78952
1252.649,1,79391
1254.601,1,79386
1256.553,1,79430
1258.504,1,79367
1260.455,1,79355
1262.405,1,79322
1264.355,1,79628
1266.305,1,79704
1268.254,1,79374
1270.202,1,79447
1272.150,1,79567
1274.098,1,79414
1276.045,1,79340
1277.992,1,79301
1279.938,1,79371
1281.884,1,79220
1283.829,1,79190
1285.774,1,78819
1287.718,1,78871
1289.662,1,78672
1291.606,1,78354
1293.549,1,78597
1295.492,1,78324
1297.434,1,78107
1299.375,1,78257
1301.317,1,78433
1303.257,1,78359
1305.198,1,78394
1307.137,1,78546
1309.077,1,78245
1311.016,1,78292
1312.954,1,78392
1314.892,1,78363
1316.830,1,78624
1318.767,1,78312
1320.703,1,78984
1322.640,1,78771
1324.575,1,78482
1326.511,1,78209
1328.445,1,78190
1330.380,1,77671
1332.314,1,77284
1334.247,1,76902
1336.180,1,76718
1338.113,1,76403
1340.045,1,76043
1341.976,1,76128
1343.908,1,76385
1345.838,1,75959
1347.769,1,76133
1349.698,1,76033
1351.628,1,76183
1353.557,1,76080
1355.485,1,75740
1357.413,1,76164
1359.341,1,75983
1361.268,1,76432
1363.194,1,76322
1365.121,1,76602
1367.046,1,76655
1368.972,1,76154
1370.896,1,75737
1372.821,1,75529
1374.745,1,75400
1376.668,1,75032
1378.591,1,74994
1380.514,1,75156
1382.436,1,75242
1384.358,1,75700
1386.279,1,76333
1388.200,1,76710
1390.120,1,77634
1392.040,1,78492
1393.959,1,79230
1395.878,1,79643
1397.797,1,79837
1399.715,1,80431
1401.632,1,80451
1403.550,1,80625
1405.466,1,80517
1407.383,1,80799
1409.298,1,80893
1411.214,1,81234
1413.129,1,81406
1415.043,1,81328
1416.957,1,81511
1418.871,1,81284
1420.784,1,81331
1422.697,1,80955
1424.609,1,80763
1426.521,1,80483
1428.432,1,80190
1430.343,1,80131
1432.253,1,79606
1434.163,1,78686
1436.073,1,77737
1437.982,1,76964
1439.891,1,76278
1441.799,1,75791
1443.707,1,75339
1445.614,1,75313
1447.521,1,75013
1449.427,1,74954
1451.333,1,74476
1453.239,1,74137
1455.144,1,73944
1457.048,1,73593
1458.953,1,73311
1460.856,1,73210
1462.760,1,72471
1464.663,1,72392
1466.565,1,72270
1468.467,1,71939
1470.369,1,71949
1472.270,1,71610
1474.170,1,71546
1476.071,1,71631
1477.970,1,71651
1479.870,1,71913
1481.769,1,71935
1483.667,1,71611
1485.565,1,71761
1487.462,1,71829
1489.360,1,71656
1491.256,1,71735
1493.152,1,71736
1495.048,1,71980
1496.944,1,71810
1498.839,1,71813
1500.733,1,71825
1502.627,1,72127
1504.521,1,72206
1506.414,1,72153
1508.306,1,72426
1510.199,1,72528
1512.090,1,72544
1513.982,1,72759
1515.873,1,72901
1517.763,1,73044
1519.653,1,73210
1521.543,1,73333
1523.432,1,73648
1525.321,1,73437
1527.209,1,73799
1529.097,1,73884
1530.984,1,74196
1532.871,1,74369
1534.758,1,74760
1536.644,1,74960
1538.530,1,75044
1540.415,1,75320
1542.300,1,75239
1544.184,1,75587
1546.068,1,76167
1547.951,1,76254
1549.834,1,76126
1551.717,1,76495
1553.599,1,76629
1555.481,1,77011
1557.362,1,76966
1559.243,1,77497
1561.123,1,77843
1563.003,1,78029
1564.883,1,78310
1566.762,1,78427
1568.641,1,78620
1570.519,1,79458
1572.397,1,79381
1574.274,1,79977
1576.151,1,80380
1578.028,1,80791
1579.904,1,80908
1581.779,1,81446
1583.654,1,82042
1585.529,1,82415
1587.403,1,83286
1589.277,1,83966
1591.151,1,84619
1593.024,1,84710
1594.896,1,85819
1596.769,1,86242
1598.640,1,86770
1600.512,1,87680
1602.382,1,88057
1604.253,1,88748
1606.123,1,89257
1607.992,1,90032
1609.861,1,90936
1611.730,1,91611
1613.598,1,92404
1615.466,1,93091
1617.334,1,93660
1619.201,1,94515
1621.067,1,94736
1622.933,1,95929
1624.799,1,96640
1626.664,1,97439
1628.529,1,97891
1630.393,1,98511
1632.257,1,98974
1634.121,1,99223
1635.984,1,99460
1637.846,1,100074
1639.709,1,100344
1641.570,1,100778
1643.432,1,100670
1645.293,1,100753
1647.153,1,100933
1649.013,1,100952
1650.873,1,100979
1652.732,1,100601
1654.591,1,100282
1656.449,1,99911
1658.307,1,99529
1660.165,1,98937
1662.022,1,98428
1663.878,1,97547
1665.734,1,97104
1667.590,1,96436
1669.446,1,95607
1671.300,1,94782
1673.155,1,93565
1675.009,1,92787
1676.863,1,91644
1678.716,1,90961
1680.569,1,89778
1682.421,1,88752
1684.273,1,87768
1686.124,1,86472
1687.976,1,85369
1689.826,1,84577
1691.676,1,83985
1693.526,1,83128
1695.376,1,82129
1697.225,1,81094
1699.073,1,80252
1700.921,1,79793
1702.769,1,78636
1704.616,1,78348
1706.463,1,77425
1708.309,1,76805
1710.155,1,76434
1712.001,1,75718
1713.846,1,75251
1715.691,1,74899
1717.535,1,74335
1719.379,1,73768
1721.222,1,72966
1723.065,1,72520
1724.908,1,71959
1726.750,1,71486
1728.592,1,71101
1730.433,1,70656
1732.274,1,70373
1734.114,1,69985
1735.954,1,69641
1737.794,1,69432
1739.633,1,68988
1741.472,1,68627
1743.310,1,68271
1745.148,1,68069
1746.986,1,67712
1748.823,1,67558
1750.659,1,67328
1752.496,1,66817
1754.332,1,66499
1756.167,1,66378
1758.002,1,66254
1759.836,1,66034
1761.671,1,65817
1763.504,1,65841
1765.338,1,65610
1767.171,1,65381
1769.003,1,65178
1770.835,1,64951
1772.667,1,64836
1774.498,1,64690
1776.329,1,64495
1778.159,1,64472
1779.989,1,64201
1781.818,1,64263
1783.648,1,64070
1785.476,1,63697
1787.304,1,63859
1789.132,1,63524
1790.960,1,63442
1792.787,1,63488
1794.613,1,63358
1796.440,1,63248
1798.265,1,63275
1800.091,1,62919
1801.916,1,62964
1803.740,1,63034
1805.564,1,62819
1807.388,1,62883
1809.211,1,62746
1811.034,1,62916
1812.856,1,62720
1814.678,1,62546
1816.500,1,62591
1818.321,1,62595
1820.142,1,62497
1821.962,1,62495
1823.782,1,62437
1825.602,1,62567
1827.421,1,62454
1829.239,1,62331
1831.058,1,62304
1832.875,1,62301
1834.693,1,62283
1836.510,1,62332
1838.327,1,62331
1840.143,1,62179
1841.959,1,62216
1843.774,1,62261
1845.589,1,62149
1847.403,1,62283
1849.217,1,62154
1851.031,1,62106
1852.844,1,62324
1854.657,1,62219
1856.470,1,62000
1858.282,1,62128
1860.093,1,62164
1861.905,1,62162
1863.716,1,62091
1865.526,1,62106
1867.336,1,61910
1869.146,1,62225
1870.955,1,62063
1872.763,1,62049
1874.572,1,62104
1876.380,1,61931
1878.187,1,62368
1879.994,1,61959
1881.801,1,62171
1883.607,1,62233
1885.413,1,62283
1887.219,1,62190
1889.024,1,62120
1890.828,1,62357
1892.633,1,62339
1894.436,1,62264
1896.240,1,62544
1898.043,1,62478
1899.845,1,62455
1901.648,1,62448
1903.449,1,62464
1905.251,1,62491
1907.052,1,62528
1908.852,1,62869
1910.652,1,62725
1912.452,1,62988
1914.251,1,62740
1916.050,1,62883
1917.849,1,62832
1919.647,1,62747
1921.445,1,62968
1923.242,1,62886
1925.039,1,62915
1926.835,1,63058
1928.631,1,63207
1930.427,1,63138
1932.222,1,63358
1934.017,1,63417
1935.811,1,63283
1937.605,1,63586
1939.399,1,63347
1941.192,1,63390
1942.985,1,63617
1944.777,1,63611
1946.569,1,63622
1948.361,1,63853
1950.152,1,63948
1951.943,1,63956
1953.733,1,64008
1955.523,1,64167
1957.313,1,64195
1959.102,1,64184
1960.891,1,64249
1962.679,1,64324
1964.467,1,64587
1966.254,1,64492
1968.041,1,64396
1969.828,1,64835
1971.614,1,64657
1973.400,1,64855
1975.186,1,64833
1976.971,1,64978
1978.756,1,65160
1980.540,1,65228
1982.324,1,65203
1984.107,1,65447
1985.890,1,65383
1987.673,1,65720
1989.455,1,65597
1991.237,1,65742
1993.019,1,66052
1994.800,1,65954
1996.580,1,66134
1998.361,1,66223
2000.141,1,66244
2001.920,1,66487
2003.699,1,66586
2005.478,1,66645
2007.256,1,66738
2009.034,1,66674
2010.811,1,66982
2012.588,1,67073
2014.365,1,67121
2016.141,1,67241
2017.917,1,67203
2019.692,1,67540
2021.468,1,67602
2023.242,1,67676
2025.016,1,67862
2026.790,1,67831
2028.564,1,68105
2030.337,1,67969
2032.109,1,68015
2033.882,1,68388
2035.653,1,68395
2037.425,1,68433
2039.196,1,68542
2040.967,1,68918
2042.737,1,68886
2044.507,1,69154
2046.276,1,69160
2048.045,1,69171
2049.814,1,69200
2051.582,1,69413
2053.350,1,69431
2055.117,1,69374
2056.884,1,69633
2058.651,1,69786
2060.417,1,69737
2062.183,1,69783
2063.949,1,70043
2065.714,1,70129
2067.479,1,70160
2069.243,1,70348
2071.007,1,70316
2072.770,1,70506
2074.533,1,70276
2076.296,1,70555
2078.058,1,70591
2079.820,1,70588
2081.582,1,70735
2083.343,1,70891
2085.103,1,70872
2086.864,1,71066
2088.624,1,71174
2090.383,1,71416
2092.142,1,71266
2093.901,1,71406
2095.659,1,71537
2097.417,1,71578
2099.175,1,71488
2100.932,1,71490
2102.689,1,71500
2104.445,1,71425
2106.201,1,71560
2107.957,1,71716
2109.712,1,71746
2111.467,1,71871
2113.221,1,72031
2114.975,1,71838
2116.729,1,71936
2118.482,1,71710
2120.235,1,72030
2121.987,1,72000
2123.739,1,72021
2125.491,1,72165
2127.242,1,72014
2128.993,1,72183
2130.744,1,72282
2132.494,1,72290
2134.243,1,72270
2135.993,1,71955
2137.742,1,72045
2139.490,1,71930
2141.238,1,72150
2142.986,1,72048
2144.733,1,72189
2146.480,1,72263
2148.227,1,72063
2149.973,1,72068
2151.719,1,72009
2153.464,1,71993
2155.209,1,71975
2156.954,1,72086
2158.698,1,72054
2160.442,1,71817
2162.185,1,71642
2163.928,1,71880
2165.671,1,71596
2167.413,1,71895
2169.155,1,71648
2170.896,1,71691
2172.638,1,71626
2174.378,1,71639
2176.119,1,71498
2177.859,1,71313
2179.598,1,71431
2181.337,1,71475
2183.076,1,71481
2184.814,1,71246
2186.552,1,71263
2188.290,1,71204
2190.027,1,71357
2191.764,1,71171
2193.500,1,71055
2195.236,1,71080
2196.972,1,71057
2198.707,1,70944
2200.442,1,70975
2202.177,1,70697
2203.911,1,70593
2205.645,1,70592
2207.378,1,70522
2209.111,1,70374
2210.844,1,70333
2212.576,1,70495
2214.308,1,70243
2216.039,1,58586
2217.770,1,69955
2219.501,1,70109
2221.231,1,70074
2222.961,1,69856
2224.690,1,69956
2226.419,1,69608
2228.148,1,69413
2229.876,1,69694
2231.604,1,69402
2233.332,1,69109
2235.059,1,69367
2236.786,1,69374
2238.512,1,69351
2240.238,1,69205
2241.964,1,68968
2243.689,1,69351
2245.414,1,69025
2247.138,1,68959
2248.863,1,68728
2250.586,1,68878
2252.310,1,68582
2254.033,1,68563
2255.755,1,68536
2257.477,1,68320
2259.199,1,68350
2260.921,1,68303
2262.642,1,68218
2264.362,1,68122
2266.083,1,68125
2267.802,1,68078
2269.522,1,67969
2271.241,1,67741
2272.960,1,67937
2274.678,1,67712
2276.396,1,67803
2278.114,1,67774
2279.831,1,67675
2281.548,1,67320
2283.264,1,67471
2284.980,1,67329
2286.696,1,67328
2288.411,1,67240
2290.126,1,67171
2291.841,1,67242
2293.555,1,67164
2295.269,1,67127
2296.982,1,67111
2298.695,1,66983
2300.408,1,66924
2302.120,1,66769
2303.832,1,66892
2305.544,1,66917
2307.255,1,66862
2308.966,1,66815
2310.676,1,66782
2312.386,1,66801
2314.096,1,66594
2315.805,1,66628
2317.514,1,66467
2319.222,1,66590
2320.930,1,66491
2322.638,1,66551
2324.345,1,66495
2326.052,1,66580
2327.759,1,66679
2329.465,1,66483
2331.171,1,66415
2332.877,1,66256
2334.582,1,66185
2336.286,1,66222
2337.991,1,66047
2339.695,1,66233
2341.398,1,66063
2343.101,1,66205
2344.804,1,65880
2346.507,1,65907
2348.209,1,65733
2349.910,1,65781
2351.612,1,65751
2353.313,1,65740
2355.013,1,65779
2356.714,1,65716
2358.413,1,65652
2360.113,1,65670
2361.812,1,65699
2363.511,1,65618
2365.209,1,65650
2366.907,1,65683
2368.604,1,65371
2370.302,1,65519
2371.998,1,65544
2373.695,1,65374
2375.391,1,65405
2377.087,1,65370
2378.782,1,65330
2380.477,1,65380
2382.172,1,65385
2383.866,1,65067
2385.560,1,65172
2387.253,1,65204
2388.946,1,65331
2390.639,1,65271
2392.331,1,65087
2394.023,1,65211
2395.715,1,65133
2397.406,1,65208
2399.097,1,65079
2400.787,1,64955
2402.477,1,64913
2404.167,1,65039
2405.857,1,65113
2407.545,1,65067
2409.234,1,65059
2410.922,1,65104
2412.610,1,64896
2414.298,1,64990
2415.985,1,65012
2417.672,1,65018
2419.358,1,64864
2421.044,1,64729
2422.730,1,64930
2424.415,1,64853
2426.100,1,64941
2427.784,1,64964
2429.469,1,64748
2431.152,1,64858
2432.836,1,64892
2434.519,1,64777
2436.202,1,64591
2437.884,1,64703
2439.566,1,64602
2441.247,1,64643
2442.929,1,64697
2444.609,1,64536
2446.290,1,64490
2447.970,1,64812
2449.650,1,64525
2451.329,1,64461
2453.008,1,64521
2454.687,1,64653
2456.365,1,64526
2458.043,1,64617
2459.720,1,64392
2461.398,1,64524
2463.074,1,64543
2464.751,1,64540
2466.427,1,64221
2468.103,1,64396
2469.778,1,64382
2471.453,1,64398
2473.127,1,64606
2474.802,1,64480
2476.475,1,64365
2478.149,1,64489
2479.822,1,64242
2481.495,1,64434
2483.167,1,64504
2484.839,1,64548
2486.511,1,64241
2488.182,1,64536
2489.853,1,64549
2491.524,1,64426
2493.194,1,64567
2494.864,1,64621
2496.533,1,64597
2498.202,1,64681
2499.871,1,64695
2501.539,1,64550
2503.207,1,64768
2504.875,1,64712
2506.542,1,64744
2508.209,1,64828
2509.876,1,64723
2511.542,1,65055
2513.208,1,64865
2514.873,1,64770
2516.538,1,64983
2518.203,1,64917
2519.867,1,64859
2521.531,1,64930
2523.195,1,65045
2524.858,1,65037
2526.521,1,65270
2528.183,1,64985
2529.846,1,65337
2531.507,1,65326
2533.169,1,65233
2534.830,1,65526
2536.491,1,65523
2538.151,1,65573
2539.811,1,65585
2541.471,1,65873
2543.130,1,66046
2544.789,1,66162
2546.447,1,66119
2548.106,1,66456
2549.763,1,66445
2551.421,1,66444
2553.078,1,67038
2554.735,1,67075
2556.391,1,67184
2558.047,1,67476
2559.703,1,67826
2561.358,1,68218
2563.013,1,68775
2564.667,1,69203
2566.322,1,69827
2567.976,1,70648
2569.629,1,71370
2571.282,1,72029
2572.935,1,72784
2574.587,1,73914
2576.239,1,75074
2577.891,1,75536
2579.542,1,75829
2581.193,1,76026
2582.844,1,75670
2584.494,1,75194
2586.144,1,74154
2587.794,1,73274
2589.443,1,72268
2591.092,1,70983
2592.740,1,70139
2594.388,1,69129
2596.036,1,68092
2597.683,1,67575
2599.330,1,66942
2600.977,1,66477
2602.623,1,66123
2604.269,1,65747
2605.915,1,65647
2607.560,1,65351
2609.205,1,65082
2610.850,1,65034
2612.494,1,64815
2614.138,1,64837
2615.781,1,64638
2617.424,1,64811
2619.067,1,64571
2620.709,1,64549
2622.351,1,64665
2623.993,1,64579
2625.634,1,64707
2627.275,1,64745
2628.916,1,64585
2630.556,1,64749
2632.196,1,64914
2633.836,1,64784
2635.475,1,64693
2637.114,1,64797
2638.752,1,64935
2640.390,1,64900
2642.028,1,64821
2643.665,1,65147
2645.302,1,64918
2646.939,1,65187
2648.575,1,65143
2650.211,1,65483
2651.847,1,65430
2653.482,1,65654
2655.117,1,65789
2656.752,1,65702
2658.386,1,65884
2660.020,1,65929
2661.653,1,66073
2663.286,1,66097
2664.919,1,66036
2666.552,1,66478
2668.184,1,66371
2669.816,1,66591
2671.447,1,66767
2673.078,1,66850
2674.709,1,67126
2676.339,1,66983
2677.969,1,67087
2679.599,1,67364
2681.228,1,67401
2682.857,1,67348
2684.485,1,67616
2686.113,1,67814
2687.741,1,67838
2689.369,1,68070
2690.996,1,67968
2692.623,1,68239
2694.249,1,68404
2695.875,1,68402
2697.501,1,68704
2699.127,1,68901
2700.752,1,68862
2702.376,1,69073
2704.001,1,69187
2705.625,1,69257
2707.248,1,69493
2708.872,1,69591
2710.495,1,69905
2712.117,1,69836
2713.739,1,70043
2715.361,1,70192
2716.983,1,70264
2718.604,1,70518
2720.225,1,70615
2721.845,1,70835
2723.465,1,71045
2725.085,1,71081
2726.705,1,71150
2728.324,1,71342
2729.943,1,71586
2731.561,1,71779
2733.179,1,71880
2734.797,1,72177
2736.414,1,72308
2738.031,1,72357
2739.648,1,72712
2741.264,1,72890
2742.880,1,73009
2744.496,1,73153
2746.111,1,73481
2747.726,1,73755
2749.340,1,73797
2750.955,1,74319
2752.568,1,74194
2754.182,1,74376
2755.795,1,74918
2757.408,1,74865
2759.020,1,75233
2760.633,1,75447
2762.244,1,75529
2763.856,1,76003
2765.467,1,76234
2767.078,1,76518
2768.688,1,76600
2770.298,1,77135
2771.908,1,77237
2773.517,1,77766
2775.126,1,77711
2776.735,1,78003
2778.343,1,78303
2779.951,1,78497
2781.559,1,79015
2783.166,1,79143
2784.773,1,79403
2786.380,1,79972
2787.986,1,80051
2789.592,1,80567
2791.198,1,80940
2792.803,1,81292
2794.408,1,81301
2796.012,1,81832
2797.616,1,82256
2799.220,1,82779
2800.824,1,83072
2802.427,1,83367
2804.030,1,83938
2805.632,1,84287
2807.234,1,84831
2808.836,1,85285
2810.438,1,85859
2812.039,1,86315
2813.639,1,86567
2815.240,1,87212
2816.840,1,87649
2818.440,1,88165
2820.039,1,88599
2821.638,1,89275
2823.237,1,89930
2824.835,1,90567
2826.433,1,90871
2828.031,1,91841
2829.628,1,92415
2831.225,1,92804
2832.822,1,93390
2834.418,1,94001
2836.014,1,94653
2837.610,1,95514
2839.205,1,96400
2840.800,1,96967
2842.394,1,97462
2843.989,1,98386
2845.583,1,98942
2847.176,1,99464
2848.769,1,99696
2850.362,1,101173
2851.955,1,102029
2853.547,1,102420
2855.139,1,103116
2856.730,1,103786
2858.322,1,105209
2859.912,1,106030
2861.503,1,106918
2863.093,1,107930
2864.683,1,108881
2866.272,1,110445
2867.862,1,111472
2869.450,1,112279
2871.039,1,113365
2872.627,1,114681
2874.215,1,115824
2875.802,1,116795
2877.389,1,117814
2878.976,1,118427
2880.563,1,119872
2882.149,1,120577
2883.734,1,121842
2885.320,1,123164
2886.905,1,124320
2888.490,1,125272
2890.074,1,126533
2891.658,1,127686
2893.242,1,129530
2894.825,1,130296
2896.408,1,132531
2897.991,1,134108
2899.574,1,136045
2901.156,1,137957
2902.737,1,140561
2904.319,1,143049
2905.900,1,146327
2907.480,1,149456
2909.061,1,154043
2910.641,1,157563
2912.220,1,161251
2913.800,1,165592
2915.379,1,170510
2916.958,1,175226
2918.536,1,179737
2920.114,1,184596
2921.692,1,188874
2923.269,1,193450
2924.846,1,196242
2926.423,1,200761
2927.999,1,204506
2929.575,1,208196
2931.151,1,212703
2932.726,1,217226
2934.301,1,219347
2935.875,1,223146
2937.450,1,225846
2939.024,1,228477
2940.597,1,230700
2942.171,1,231901
2943.744,1,233647
2945.316,1,233436
2946.889,1,233809
2948.461,1,233511
2950.032,1,233028
2951.604,1,232619
2953.175,1,231636
2954.745,1,231213
2956.316,1,230505
2957.886,1,230977
2959.455,1,229953
2961.024,1,229721
2962.593,1,230407
2964.162,1,230447
2965.730,1,230966
2967.298,1,232015
2968.866,1,231862
2970.433,1,233695
2972.000,1,234736
2973.567,1,235830
2975.133,1,238183
2976.699,1,240119
2978.265,1,241553
2979.830,1,243953
2981.395,1,245111
2982.960,1,247673
2984.524,1,249091
2986.088,1,250465
2987.652,1,253000
2989.215,1,255217
2990.778,1,256768
2992.341,1,257885
2993.903,1,259815
2995.465,1,261588
2997.027,1,263972
2998.588,1,265706
3000.149,1,267652
3001.710,1,269901
3003.270,1,272385
3004.830,1,274945
3006.390,1,277585
3007.949,1,280849
3009.508,1,282439
3011.067,1,286838
3012.626,1,289750
3014.184,1,292852
3015.741,1,296477
3017.299,1,299800
3018.856,1,303656
3020.412,1,307794
3021.969,1,311844
3023.525,1,315511
3025.081,1,319698
3026.636,1,323516
3028.191,1,328242
3029.746,1,332477
3031.300,1,337529
3032.854,1,340956
3034.408,1,346818
3035.962,1,351550
3037.515,1,356614
3039.068,1,360639
3040.620,1,365568
3042.172,1,371169
3043.724,1,377489
3045.275,1,382920
3046.827,1,387936
3048.377,1,393956
3049.928,1,398313
3051.478,1,405646
3053.028,1,410781
3054.577,1,417374
3056.127,1,422859
3057.675,1,429625
3059.224,1,435529
3060.772,1,441698
3062.320,1,448866
3063.868,1,455417
3065.415,1,461917
3066.962,1,468373
3068.508,1,475442
3070.054,1,482169
3071.600,1,490172
3073.146,1,497067
3074.691,1,504726
3076.236,1,511652
3077.781,1,520143
3079.325,1,527585
3080.869,1,535911
3082.413,1,543538
3083.956,1,550954
3085.499,1,559933
3087.042,1,568410
3088.584,1,576790
3090.126,1,584886
3091.668,1,593500
3093.209,1,602964
3094.750,1,611734
3096.291,1,620853
3097.831,1,629975
3099.371,1,639200
3100.911,1,649646
3102.451,1,659345
3103.990,1,668540
3105.528,1,678609
3107.067,1,688656
3108.605,1,698898
3110.143,1,708867
3111.680,1,718797
3113.217,1,730438
3114.754,1,739970
3116.291,1,751626
3117.827,1,762129
3119.363,1,771857
3120.898,1,784032
3122.434,1,795348
3123.969,1,805485
3125.503,1,818221
3127.037,1,829048
3128.571,1,839731
3130.105,1,852534
3131.638,1,863635
3133.171,1,876203
3134.704,1,888169
3136.236,1,899421
3137.768,1,909378
3139.300,1,922041
3140.831,1,934253
3142.362,1,946323
3143.893,1,959860
3145.423,1,969461
3146.954,1,980752
3148.483,1,993473
3150.013,1,1005477
3151.542,1,1019104
3153.071,1,1028896
3154.599,1,1041630
3156.127,1,1054731
3157.655,1,1064736
3159.183,1,1078056
3160.710,1,1088967
3162.237,1,1099235
3163.763,1,1111105
3165.290,1,1124381
3166.815,1,1133877
3168.341,1,1145903
3169.866,1,1156156
3171.391,1,1166288
3172.916,1,1177318
3174.440,1,1188835
3175.964,1,1199964
3177.488,1,1210215
3179.011,1,1220510
3180.534,1,1230030
3182.057,1,1240257
3183.579,1,1247958
3185.102,1,1257751
3186.623,1,1267044
3188.145,1,1275736
3189.666,1,1285180
3191.187,1,1293387
3192.707,1,1302545
3194.227,1,1308309
3195.747,1,1317184
3197.267,1,1326570
3198.786,1,1334985
3200.305,1,1342412
3201.824,1,1351543
3203.342,1,1358255
3204.860,1,1364392
3206.378,1,1369436
3207.895,1,1375337
3209.412,1,1381102
3210.929,1,1386294
3212.445,1,1390961
3213.961,1,1395958
3215.477,1,1400236
3216.992,1,1404128
3218.507,1,1406787
3220.022,1,1411397
3221.537,1,1415917
3223.051,1,1421142
3224.565,1,1424408
3226.078,1,1427822
3227.591,1,1430366
3229.104,1,1434948
3230.617,1,1438411
3232.129,1,1442864
3233.641,1,1444511
3235.153,1,1448234
3236.664,1,1448626
3238.175,1,1450498
3239.686,1,1453503
3241.196,1,1453693
3242.706,1,1454797
3244.216,1,1456194
3245.725,1,1457157
3247.235,1,1458856
3248.743,1,1456968
3250.252,1,1456209
3251.760,1,1457707
3253.268,1,1457954
3254.775,1,1459746
3256.283,1,1460323
3257.790,1,1460947
3259.296,1,1460434
3260.803,1,1461703
3262.309,1,1461582
3263.814,1,1460470
3265.320,1,1462530
3266.825,1,1464492
3268.329,1,1464361
3269.834,1,1464361
3271.338,1,1465322
3272.842,1,1466451
3274.345,1,1468013
3275.848,1,1467872
3277.351,1,1466739
3278.854,1,1465300
3280.356,1,1468801
3281.858,1,1469375
3283.359,1,1466820
3284.861,1,1469208
3286.362,1,1473646
3287.862,1,1471085
3289.363,1,1473958
3290.863,1,1473309
3292.363,1,1474649
3293.862,1,1474124
3295.361,1,1475486
3296.860,1,1475678
3298.358,1,1476480
3299.857,1,1478581
3301.355,1,1478030
3302.852,1,1480509
3304.349,1,1480522
3305.846,1,1482440
3307.343,1,1483996
3308.839,1,1483565
3310.335,1,1485638
3311.831,1,1487507
3313.326,1,1487521
3314.821,1,1490934
3316.316,1,1490631
3317.811,1,1493949
3319.305,1,1494915
3320.799,1,1495536
3322.292,1,1497824
3323.785,1,1499730
3325.278,1,1498211
3326.771,1,1499050
3328.263,1,1501386
3329.755,1,1502821
3331.247,1,1505507
3332.738,1,1507952
3334.229,1,1510283
3335.720,1,1510642
3337.211,1,1513859
3338.701,1,1517168
3340.191,1,1519068
3341.680,1,1519857
3343.169,1,1520395
3344.658,1,1524665
3346.147,1,1528650
3347.635,1,1530580
3349.123,1,1531247
3350.611,1,1532617
3352.098,1,1536525
3353.585,1,1538385
3355.072,1,1540919
3356.558,1,1543871
3358.044,1,1545282
3359.530,1,1549349
3361.016,1,1551906
3362.501,1,1556430
3363.986,1,1556534
3365.471,1,1559386
3366.955,1,1561268
3368.439,1,1564445
3369.923,1,1567854
3371.406,1,1571006
3372.889,1,1571620
3374.372,1,1573239
3375.854,1,1575507
3377.336,1,1576180
3378.818,1,1577050
3380.300,1,1578335
3381.781,1,1580234
3383.262,1,1579342
3384.743,1,1581686
3386.223,1,1581182
3387.703,1,1580913
3389.183,1,1579326
3390.662,1,1579018
3392.141,1,1578529
3393.620,1,1576287
3395.098,1,1577191
3396.577,1,1576142
3398.054,1,1575255
3399.532,1,1575661
3401.009,1,1575508
3402.486,1,1575204
3403.963,1,1575246
3405.439,1,1572873
3406.915,1,1565052
3408.391,1,1570458
3409.866,1,1569533
3411.342,1,1566452
3412.816,1,1564115
3414.291,1,1561763
3415.765,1,1560282
3417.239,1,1557239
3418.713,1,1553801
3420.186,1,1550421
3421.659,1,1547815
3423.132,1,1542563
3424.604,1,1537206
3426.076,1,1533297
3427.548,1,1526636
3429.020,1,1520689
3430.491,1,1514926
3431.962,1,1507813
3433.432,1,1502174
3434.903,1,1499127
3436.373,1,1494156
3437.842,1,1488889
3439.312,1,1481569
3440.781,1,1480756
3442.250,1,1473831
3443.718,1,1468370
3445.186,1,1460671
3446.654,1,1455571
3448.122,1,1448580
3449.589,1,1443855
3451.056,1,1436922
3452.523,1,1428588
