1176.150,1,4496753
1178.120,1,4249902
1180.090,1,4180803
1182.059,1,4176974
1184.028,1,4168816
1185.997,1,4162997
1187.965,1,4163644
1189.932,1,4158329
1191.899,1,4159497
1193.866,1,4158824
1195.832,1,4158086
1197.798,1,4156094
1199.763,1,4155108
1201.728,1,4154704
1203.692,1,4152697
1205.656,1,4151676
1207.619,1,4149950
1209.582,1,4149016
1211.545,1,4147634
1213.507,1,4143125
1215.468,1,4143767
1217.429,1,4140689
1219.390,1,4138289
1221.350,1,4138764
1223.310,1,4134317
1225.269,1,4136614
1227.227,1,4130969
1229.186,1,4130963
1231.144,1,4128817
1233.101,1,4129712
1235.058,1,4127368
1237.014,1,4127999
1238.970,1,4127797
1240.926,1,4127897
1242.881,1,4122635
1244.835,1,4124309
1246.789,1,4122640
1248.743,1,4122219
1250.696,1,4120913
1252.649,1,4121229
1254.601,1,4119618
1256.553,1,4118314
1258.504,1,4117636
1260.455,1,4115602
1262.405,1,4114200
1264.355,1,4111695
1266.305,1,4108004
1268.254,1,4108386
1270.202,1,4104658
1272.150,1,4105842
1274.098,1,4102029
1276.045,1,4099198
1277.992,1,4097284
1279.938,1,4092929
1281.884,1,4091102
1283.829,1,4089127
1285.774,1,4086147
1287.718,1,4084131
1289.662,1,4081242
1291.606,1,4079263
1293.549,1,4074590
1295.492,1,4073558
1297.434,1,4069049
1299.375,1,4068144
1301.317,1,4064806
1303.257,1,4061229
1305.198,1,4057353
1307.137,1,4056626
1309.077,1,4054404
1311.016,1,4051126
1312.954,1,4047319
1314.892,1,4044561
1316.830,1,4043279
1318.767,1,4039885
1320.703,1,4037600
1322.640,1,4031999
1324.575,1,4032672
1326.511,1,4028505
1328.445,1,4025118
1330.380,1,4025953
1332.314,1,4022020
1334.247,1,4020207
1336.180,1,4016491
1338.113,1,4016954
1340.045,1,4014025
1341.976,1,4012199
1343.908,1,4009844
1345.838,1,4008995
1347.769,1,4007770
1349.698,1,4007004
1351.628,1,4004830
1353.557,1,4004274
1355.485,1,4001627
1357.413,1,4003495
1359.341,1,4003252
1361.268,1,4003251
1363.194,1,4003089
1365.121,1,4005544
1367.046,1,4005474
1368.972,1,4004181
1370.896,1,4009476
1372.821,1,4011503
1374.745,1,4011750
1376.668,1,4013164
1378.591,1,4015081
1380.514,1,4017451
1382.436,1,4018204
1384.358,1,4018378
1386.279,1,4019287
1388.200,1,4022021
1390.120,1,4022326
1392.040,1,4025517
1393.959,1,4026456
1395.878,1,4025577
1397.797,1,4025003
1399.715,1,4026805
1401.632,1,4025767
1403.550,1,4027008
1405.466,1,4023234
1407.383,1,4024099
1409.298,1,4023032
1411.214,1,4022643
1413.129,1,4021649
1415.043,1,4019332
1416.957,1,4019304
1418.871,1,4017736
1420.784,1,4016421
1422.697,1,4015673
1424.609,1,4016595
1426.521,1,4015324
1428.432,1,4013288
1430.343,1,4012655
1432.253,1,4012241
1434.163,1,4014578
1436.073,1,4013032
1437.982,1,4013363
1439.891,1,4012809
1441.799,1,4014490
1443.707,1,4012529
1445.614,1,4016440
1447.521,1,4017174
1449.427,1,4019465
1451.333,1,4018735
1453.239,1,4021486
1455.144,1,4021496
1457.048,1,4024908
1458.953,1,4025849
1460.856,1,4030562
1462.760,1,4030384
1464.663,1,4034031
1466.565,1,4035409
1468.467,1,4038073
1470.369,1,4040114
1472.270,1,4042508
1474.170,1,4044175
1476.071,1,4049427
1477.970,1,4052042
1479.870,1,4050797
1481.769,1,4051484
1483.667,1,4054157
1485.565,1,4055791
1487.462,1,4058544
1489.360,1,4061815
1491.256,1,4064137
1493.152,1,4066771
1495.048,1,4068801
1496.944,1,4071514
1498.839,1,4074476
1500.733,1,4077872
1502.627,1,4080444
1504.521,1,4086044
1506.414,1,4088768
1508.306,1,4091122
1510.199,1,4095953
1512.090,1,4100242
1513.982,1,4105991
1515.873,1,4108856
1517.763,1,4116593
1519.653,1,4121668
1521.543,1,4127819
1523.432,1,4135810
1525.321,1,4142287
1527.209,1,4147658
1529.097,1,4155252
1530.984,1,4162600
1532.871,1,4172015
1534.758,1,4177916
1536.644,1,4186074
1538.530,1,4194634
1540.415,1,4202513
1542.300,1,4210688
1544.184,1,4224097
1546.068,1,4234158
1547.951,1,4243678
1549.834,1,4254284
1551.717,1,4270823
1553.599,1,4280295
1555.481,1,4296299
1557.362,1,4309165
1559.243,1,4323145
1561.123,1,4334081
1563.003,1,4345954
1564.883,1,4360167
1566.762,1,4377628
1568.641,1,4392092
1570.519,1,4410635
1572.397,1,4425244
1574.274,1,4446357
1576.151,1,4464530
1578.028,1,4486624
1579.904,1,4513307
1581.779,1,4534076
1583.654,1,4559419
1585.529,1,4586756
1587.403,1,4614307
1589.277,1,4640976
1591.151,1,4673656
1593.024,1,4703210
1594.896,1,4733769
1596.769,1,4762999
1598.640,1,4798513
1600.512,1,4833692
1602.382,1,4867219
1604.253,1,4905408
1606.123,1,4940873
1607.992,1,4973158
1609.861,1,5007972
1611.730,1,5047665
1613.598,1,5083028
1615.466,1,5117463
1617.334,1,5154376
1619.201,1,5184483
1621.067,1,5215370
1622.933,1,5250532
1624.799,1,5277294
1626.664,1,5304317
1628.529,1,5326539
1630.393,1,5346546
1632.257,1,5361481
1634.121,1,5366855
1635.984,1,5367758
1637.846,1,5390786
1639.709,1,5394924
1641.570,1,5393173
1643.432,1,5387667
1645.293,1,5381990
1647.153,1,5368709
1649.013,1,5357497
1650.873,1,5340720
1652.732,1,5320970
1654.591,1,5296599
1656.449,1,5274971
1658.307,1,5249309
1660.165,1,5225079
1662.022,1,5196261
1663.878,1,5163861
1665.734,1,5128935
1667.590,1,5101649
1669.446,1,5067143
1671.300,1,5032699
1673.155,1,5000913
1675.009,1,4963714
1676.863,1,4930858
1678.716,1,4894414
1680.569,1,4861730
1682.421,1,4824762
1684.273,1,4786988
1686.124,1,4750382
1687.976,1,4714428
1689.826,1,4675755
1691.676,1,4642166
1693.526,1,4608247
1695.376,1,4572469
1697.225,1,4536664
1699.073,1,4498993
1700.921,1,4464794
1702.769,1,4430622
1704.616,1,4397679
1706.463,1,4365443
1708.309,1,4333390
1710.155,1,4302140
1712.001,1,4273089
1713.846,1,4244537
1715.691,1,4215881
1717.535,1,4189110
1719.379,1,4163058
1721.222,1,4136262
1723.065,1,4113372
1724.908,1,4089492
1726.750,1,4072896
1728.592,1,4049099
1730.433,1,4031009
1732.274,1,4011658
1734.114,1,3995023
1735.954,1,3976732
1737.794,1,3960210
1739.633,1,3944684
1741.472,1,3927935
1743.310,1,3912632
1745.148,1,3900466
1746.986,1,3886118
1748.823,1,3871997
1750.659,1,3861462
1752.496,1,3849440
1754.332,1,3837538
1756.167,1,3826323
1758.002,1,3817112
1759.836,1,3805462
1761.671,1,3797771
1763.504,1,3788382
1765.338,1,3779230
1767.171,1,3769965
1769.003,1,3759508
1770.835,1,3753625
1772.667,1,3745081
1774.498,1,3737491
1776.329,1,3730104
1778.159,1,3725830
1779.989,1,3715683
1781.818,1,3707049
1783.648,1,3704690
1785.476,1,3698409
1787.304,1,3692888
1789.132,1,3687746
1790.960,1,3682190
1792.787,1,3678785
1794.613,1,3674529
1796.440,1,3668082
1798.265,1,3665088
1800.091,1,3662488
1801.916,1,3658316
1803.740,1,3654321
1805.564,1,3651636
1807.388,1,3648591
1809.211,1,3643847
1811.034,1,3643412
1812.856,1,3638645
1814.678,1,3637966
1816.500,1,3633751
1818.321,1,3633278
1820.142,1,3629774
1821.962,1,3629418
1823.782,1,3626640
1825.602,1,3626102
1827.421,1,3624310
1829.239,1,3625070
1831.058,1,3620552
1832.875,1,3619953
1834.693,1,3618337
1836.510,1,3619029
1838.327,1,3619032
1840.143,1,3617640
1841.959,1,3617059
1843.774,1,3616705
1845.589,1,3616049
1847.403,1,3615238
1849.217,1,3614508
1851.031,1,3613107
1852.844,1,3612177
1854.657,1,3612998
1856.470,1,3610767
1858.282,1,3610898
1860.093,1,3610276
1861.905,1,3609404
1863.716,1,3609413
1865.526,1,3610281
1867.336,1,3610133
1869.146,1,3611684
1870.955,1,3611038
1872.763,1,3612375
1874.572,1,3611636
1876.380,1,3612441
1878.187,1,3614107
1879.994,1,3614418
1881.801,1,3614899
1883.607,1,3616333
1885.413,1,3617338
1887.219,1,3616923
1889.024,1,3618472
1890.828,1,3616036
1892.633,1,3621647
1894.436,1,3623370
1896.240,1,3624779
1898.043,1,3624705
1899.845,1,3625615
1901.648,1,3628991
1903.449,1,3631149
1905.251,1,3634379
1907.052,1,3632927
1908.852,1,3636323
1910.652,1,3638317
1912.452,1,3638593
1914.251,1,3640207
1916.050,1,3642997
1917.849,1,3642690
1919.647,1,3645770
1921.445,1,3648920
1923.242,1,3650219
1925.039,1,3652727
1926.835,1,3657097
1928.631,1,3659380
1930.427,1,3661966
1932.222,1,3663827
1934.017,1,3665136
1935.811,1,3664867
1937.605,1,3668864
1939.399,1,3671966
1941.192,1,3674893
1942.985,1,3678247
1944.777,1,3681788
1946.569,1,3683802
1948.361,1,3687305
1950.152,1,3692250
1951.943,1,3695117
1953.733,1,3696557
1955.523,1,3703210
1957.313,1,3705353
1959.102,1,3708789
1960.891,1,3710116
1962.679,1,3716260
1964.467,1,3720702
1966.254,1,3723702
1968.041,1,3727476
1969.828,1,3730813
1971.614,1,3737604
1973.400,1,3739543
1975.186,1,3745489
1976.971,1,3747742
1978.756,1,3752578
1980.540,1,3756962
1982.324,1,3760396
1984.107,1,3766184
1985.890,1,3768954
1987.673,1,3775929
1989.455,1,3780323
1991.237,1,3784925
1993.019,1,3789966
1994.800,1,3797194
1996.580,1,3800632
1998.361,1,3807708
2000.141,1,3811525
2001.920,1,3816675
2003.699,1,3820104
2005.478,1,3826516
2007.256,1,3831345
2009.034,1,3835284
2010.811,1,3839415
2012.588,1,3843606
2014.365,1,3849906
2016.141,1,3854328
2017.917,1,3861029
2019.692,1,3864200
2021.468,1,3869296
2023.242,1,3876601
2025.016,1,3878860
2026.790,1,3885457
2028.564,1,3890128
2030.337,1,3895130
2032.109,1,3898872
2033.882,1,3902618
2035.653,1,3908752
2037.425,1,3914235
2039.196,1,3916851
2040.967,1,3923543
2042.737,1,3928679
2044.507,1,3934254
2046.276,1,3936433
2048.045,1,3940379
2049.814,1,3945727
2051.582,1,3947416
2053.350,1,3952186
2055.117,1,3957530
2056.884,1,3961000
2058.651,1,3963683
2060.417,1,3969581
2062.183,1,3971858
2063.949,1,3975973
2065.714,1,3979610
2067.479,1,3982005
2069.243,1,3985809
2071.007,1,3987569
2072.770,1,3993095
2074.533,1,3993976
2076.296,1,3999571
2078.058,1,4001443
2079.820,1,4002903
2081.582,1,4009643
2083.343,1,4011681
2085.103,1,4014191
2086.864,1,4020172
2088.624,1,4024419
2090.383,1,4026387
2092.142,1,4028858
2093.901,1,4032309
2095.659,1,4033153
2097.417,1,4033557
2099.175,1,4035881
2100.932,1,4039174
2102.689,1,4036812
2104.445,1,4041734
2106.201,1,4045025
2107.957,1,4046972
2109.712,1,4045746
2111.467,1,4047131
2113.221,1,4049495
2114.975,1,4050133
2116.729,1,4050131
2118.482,1,4050996
2120.235,1,4050827
2121.987,1,4051796
2123.739,1,4052041
2125.491,1,4050405
2127.242,1,4051399
2128.993,1,4048518
2130.744,1,4048740
2132.494,1,4050454
2134.243,1,4048714
2135.993,1,4049393
2137.742,1,4046113
2139.490,1,4047195
2141.238,1,4046752
2142.986,1,4045703
2144.733,1,4044005
2146.480,1,4039485
2148.227,1,4043774
2149.973,1,4039907
2151.719,1,4036906
2153.464,1,4037936
2155.209,1,4033603
2156.954,1,4034543
2158.698,1,4030929
2160.442,1,4031967
2162.185,1,4024505
2163.928,1,4024221
2165.671,1,4018480
2167.413,1,4019379
2169.155,1,4016289
2170.896,1,4014050
2172.638,1,4010482
2174.378,1,4007449
2176.119,1,4007003
2177.859,1,4005618
2179.598,1,4002167
2181.337,1,4000458
2183.076,1,3997254
2184.814,1,3996595
2186.552,1,3990824
2188.290,1,3989168
2190.027,1,3985782
2191.764,1,3985318
2193.500,1,3980366
2195.236,1,3976552
2196.972,1,3971778
2198.707,1,3970057
2200.442,1,3965869
2202.177,1,3962341
2203.911,1,3956571
2205.645,1,3954123
2207.378,1,3949372
2209.111,1,3946630
2210.844,1,3942397
2212.576,1,3937997
2214.308,1,3934885
2216.039,1,3349476
2217.770,1,3913419
2219.501,1,3923008
2221.231,1,3914577
2222.961,1,3914665
2224.690,1,3911932
2226.419,1,3906872
2228.148,1,3905264
2229.876,1,3898992
2231.604,1,3896794
2233.332,1,3894418
2235.059,1,3889051
2236.786,1,3885658
2238.512,1,3882852
2240.238,1,3876734
2241.964,1,3874471
2243.689,1,3870126
2245.414,1,3865161
2247.138,1,3861589
2248.863,1,3855872
2250.586,1,3851535
2252.310,1,3846057
2254.033,1,3848419
2255.755,1,3840340
2257.477,1,3837513
2259.199,1,3834695
2260.921,1,3833219
2262.642,1,3825229
2264.362,1,3823861
2266.083,1,3818916
2267.802,1,3815826
2269.522,1,3813251
2271.241,1,3809944
2272.960,1,3806265
2274.678,1,3802178
2276.396,1,3800832
2278.114,1,3795740
2279.831,1,3790785
2281.548,1,3787848
2283.264,1,3784350
2284.980,1,3780559
2286.696,1,3776694
2288.411,1,3774428
2290.126,1,3771012
2291.841,1,3765677
2293.555,1,3763759
2295.269,1,3760890
2296.982,1,3758742
2298.695,1,3754931
2300.408,1,3748639
2302.120,1,3749310
2303.832,1,3744720
2305.544,1,3742549
2307.255,1,3737504
2308.966,1,3736621
2310.676,1,3732891
2312.386,1,3730861
2314.096,1,3727967
2315.805,1,3724995
2317.514,1,3723042
2319.222,1,3721040
2320.930,1,3720868
2322.638,1,3720010
2324.345,1,3722123
2326.052,1,3727649
2327.759,1,3730323
2329.465,1,3726512
2331.171,1,3715555
2332.877,1,3704821
2334.582,1,3698313
2336.286,1,3696117
2337.991,1,3693816
2339.695,1,3688034
2341.398,1,3685814
2343.101,1,3685084
2344.804,1,3681151
2346.507,1,3678810
2348.209,1,3678135
2349.910,1,3675220
2351.612,1,3671919
2353.313,1,3672197
2355.013,1,3669928
2356.714,1,3667218
2358.413,1,3666023
2360.113,1,3662478
2361.812,1,3659957
2363.511,1,3658336
2365.209,1,3655637
2366.907,1,3658298
2368.604,1,3652325
2370.302,1,3651594
2371.998,1,3650086
2373.695,1,3650145
2375.391,1,3646484
2377.087,1,3645653
2378.782,1,3642691
2380.477,1,3639990
2382.172,1,3638464
2383.866,1,3636371
2385.560,1,3632432
2387.253,1,3632656
2388.946,1,3630502
2390.639,1,3629321
2392.331,1,3627108
2394.023,1,3625267
2395.715,1,3622864
2397.406,1,3623640
2399.097,1,3617822
2400.787,1,3619910
2402.477,1,3615665
2404.167,1,3615463
2405.857,1,3613126
2407.545,1,3613178
2409.234,1,3609092
2410.922,1,3608213
2412.610,1,3605858
2414.298,1,3606313
2415.985,1,3604119
2417.672,1,3603881
2419.358,1,3603330
2421.044,1,3600971
2422.730,1,3599640
2424.415,1,3598398
2426.100,1,3597841
2427.784,1,3594046
2429.469,1,3590551
2431.152,1,3591379
2432.836,1,3587337
2434.519,1,3585897
2436.202,1,3583752
2437.884,1,3585012
2439.566,1,3581445
2441.247,1,3582956
2442.929,1,3580505
2444.609,1,3579530
2446.290,1,3577478
2447.970,1,3575756
2449.650,1,3575002
2451.329,1,3574167
2453.008,1,3572361
2454.687,1,3569374
2456.365,1,3567603
2458.043,1,3567874
2459.720,1,3565277
2461.398,1,3562967
2463.074,1,3563759
2464.751,1,3561877
2466.427,1,3560842
2468.103,1,3557861
2469.778,1,3558467
2471.453,1,3558731
2473.127,1,3556988
2474.802,1,3556390
2476.475,1,3554038
2478.149,1,3553975
2479.822,1,3554760
2481.495,1,3554351
2483.167,1,3553122
2484.839,1,3553797
2486.511,1,3550882
2488.182,1,3552323
2489.853,1,3551053
2491.524,1,3550146
2493.194,1,3548670
2494.864,1,3547033
2496.533,1,3546179
2498.202,1,3547188
2499.871,1,3544801
2501.539,1,3545106
2503.207,1,3543295
2504.875,1,3543313
2506.542,1,3543010
2508.209,1,3543881
2509.876,1,3542031
2511.542,1,3543876
2513.208,1,3542004
2514.873,1,3541837
2516.538,1,3541631
2518.203,1,3539226
2519.867,1,3537822
2521.531,1,3537205
2523.195,1,3536833
2524.858,1,3536548
2526.521,1,3533858
2528.183,1,3532643
2529.846,1,3532477
2531.507,1,3531683
2533.169,1,3530026
2534.830,1,3529670
2536.491,1,3529332
2538.151,1,3527909
2539.811,1,3528147
2541.471,1,3528617
2543.130,1,3523607
2544.789,1,3527732
2546.447,1,3525803
2548.106,1,3526048
2549.763,1,3524551
2551.421,1,3525394
2553.078,1,3524580
2554.735,1,3522143
2556.391,1,3524709
2558.047,1,3520764
2559.703,1,3520688
2561.358,1,3521059
2563.013,1,3521461
2564.667,1,3521838
2566.322,1,3520236
2567.976,1,3520261
2569.629,1,3517940
2571.282,1,3518164
2572.935,1,3518328
2574.587,1,3518120
2576.239,1,3515527
2577.891,1,3516394
2579.542,1,3515406
2581.193,1,3514489
2582.844,1,3515466
2584.494,1,3516316
2586.144,1,3513661
2587.794,1,3516008
2589.443,1,3516980
2591.092,1,3516948
2592.740,1,3516037
2594.388,1,3516119
2596.036,1,3514610
2597.683,1,3517479
2599.330,1,3520495
2600.977,1,3518693
2602.623,1,3517964
2604.269,1,3520273
2605.915,1,3520706
2607.560,1,3519165
2609.205,1,3521740
2610.850,1,3523086
2612.494,1,3520370
2614.138,1,3525523
2615.781,1,3526010
2617.424,1,3529509
2619.067,1,3527951
2620.709,1,3532955
2622.351,1,3533011
2623.993,1,3534737
2625.634,1,3535396
2627.275,1,3537921
2628.916,1,3539639
2630.556,1,3542313
2632.196,1,3544407
2633.836,1,3547193
2635.475,1,3549635
2637.114,1,3554306
2638.752,1,3558060
2640.390,1,3559810
2642.028,1,3563514
2643.665,1,3566434
2645.302,1,3568101
2646.939,1,3570920
2648.575,1,3574708
2650.211,1,3581944
2651.847,1,3583271
2653.482,1,3587183
2655.117,1,3591535
2656.752,1,3598063
2658.386,1,3603007
2660.020,1,3605884
2661.653,1,3611549
2663.286,1,3617422
2664.919,1,3620360
2666.552,1,3626415
2668.184,1,3632654
2669.816,1,3636764
2671.447,1,3642109
2673.078,1,3649174
2674.709,1,3653473
2676.339,1,3659320
2677.969,1,3664254
2679.599,1,3669509
2681.228,1,3673800
2682.857,1,3679439
2684.485,1,3683888
2686.113,1,3689260
2687.741,1,3694647
2689.369,1,3700757
2690.996,1,3706480
2692.623,1,3712722
2694.249,1,3718908
2695.875,1,3723725
2697.501,1,3729985
2699.127,1,3735917
2700.752,1,3742313
2702.376,1,3749659
2704.001,1,3754134
2705.625,1,3759753
2707.248,1,3765706
2708.872,1,3771536
2710.495,1,3779511
2712.117,1,3785634
2713.739,1,3791597
2715.361,1,3801472
2716.983,1,3807403
2718.604,1,3817456
2720.225,1,3821596
2721.845,1,3828888
2723.465,1,3837594
2725.085,1,3848363
2726.705,1,3853531
2728.324,1,3863530
2729.943,1,3870439
2731.561,1,3879134
2733.179,1,3887356
2734.797,1,3896921
2736.414,1,3903383
2738.031,1,3912340
2739.648,1,3919893
2741.264,1,3930464
2742.880,1,3934938
2744.496,1,3946639
2746.111,1,3956411
2747.726,1,3967021
2749.340,1,3975588
2750.955,1,3987578
2752.568,1,3995345
2754.182,1,4007116
2755.795,1,4017157
2757.408,1,4028955
2759.020,1,4040916
2760.633,1,4050368
2762.244,1,4060209
2763.856,1,4074241
2765.467,1,4085238
2767.078,1,4097808
2768.688,1,4109384
2770.298,1,4121819
2771.908,1,4133027
2773.517,1,4147315
2775.126,1,4161756
2776.735,1,4174577
2778.343,1,4190813
2779.951,1,4205417
2781.559,1,4219131
2783.166,1,4233068
2784.773,1,4246374
2786.380,1,4266082
2787.986,1,4281137
2789.592,1,4295115
2791.198,1,4310406
2792.803,1,4326908
2794.408,1,4344410
2796.012,1,4359732
2797.616,1,4375043
2799.220,1,4392117
2800.824,1,4409314
2802.427,1,4427118
2804.030,1,4447606
2805.632,1,4464027
2807.234,1,4485361
2808.836,1,4505535
2810.438,1,4522143
2812.039,1,4547869
2813.639,1,4563835
2815.240,1,4585697
2816.840,1,4608997
2818.440,1,4631094
2820.039,1,4656451
2821.638,1,4679121
2823.237,1,4703399
2824.835,1,4729445
2826.433,1,4747773
2828.031,1,4777440
2829.628,1,4803218
2831.225,1,4827436
2832.822,1,4854786
2834.418,1,4879590
2836.014,1,4907419
2837.610,1,4937009
2839.205,1,4966514
2840.800,1,4992082
2842.394,1,5018208
2843.989,1,5052233
2845.583,1,5079966
2847.176,1,5110843
2848.769,1,5138755
2850.362,1,5171637
2851.955,1,5203859
2853.547,1,5234283
2855.139,1,5267418
2856.730,1,5301306
2858.322,1,5337175
2859.912,1,5371643
2861.503,1,5409461
2863.093,1,5445336
2864.683,1,5485553
2866.272,1,5519733
2867.862,1,5564524
2869.450,1,5602587
2871.039,1,5642939
2872.627,1,5683786
2874.215,1,5724958
2875.802,1,5770273
2877.389,1,5812675
2878.976,1,5853937
2880.563,1,5901527
2882.149,1,5946371
2883.734,1,5993057
2885.320,1,6044137
2886.905,1,6092091
2888.490,1,6142347
2890.074,1,6192297
2891.658,1,6244297
2893.242,1,6295827
2894.825,1,6345870
2896.408,1,6406306
2897.991,1,6460634
2899.574,1,6518267
2901.156,1,6579359
2902.737,1,6635877
2904.319,1,6697737
2905.900,1,6755601
2907.480,1,6823083
2909.061,1,6892204
2910.641,1,6953683
2912.220,1,7019589
2913.800,1,7087757
2915.379,1,7157100
2916.958,1,7226902
2918.536,1,7294891
2920.114,1,7368105
2921.692,1,7445554
2923.269,1,7525449
2924.846,1,7604317
2926.423,1,7682964
2927.999,1,7763768
2929.575,1,7843766
2931.151,1,7931555
2932.726,1,8018066
2934.301,1,8102463
2935.875,1,8189578
2937.450,1,8277672
2939.024,1,8366913
2940.597,1,8462012
2942.171,1,8554267
2943.744,1,8652198
2945.316,1,8750578
2946.889,1,8844736
2948.461,1,8950695
2950.032,1,9053644
2951.604,1,9159684
2953.175,1,9268486
2954.745,1,9378780
2956.316,1,9486223
2957.886,1,9597922
2959.455,1,9716569
2961.024,1,9829462
2962.593,1,9948162
2964.162,1,10074375
2965.730,1,10193327
2967.298,1,10326473
2968.866,1,10451160
2970.433,1,10585912
2972.000,1,10720641
2973.567,1,10857080
2975.133,1,11001193
2976.699,1,11143840
2978.265,1,11289118
2979.830,1,11437928
2981.395,1,11589421
2982.960,1,11738095
2984.524,1,11889156
2986.088,1,12042086
2987.652,1,12199672
2989.215,1,12371038
2990.778,1,12539554
2992.341,1,12696213
2993.903,1,12874782
2995.465,1,13048721
2997.027,1,13224471
2998.588,1,13413369
3000.149,1,13588331
3001.710,1,13777775
3003.270,1,13967150
3004.830,1,14166012
3006.390,1,14364045
3007.949,1,14563962
3009.508,1,14774725
3011.067,1,14976849
3012.626,1,15203591
3014.184,1,15427733
3015.741,1,15632020
3017.299,1,15851335
3018.856,1,16079859
3020.412,1,16316991
3021.969,1,16547115
3023.525,1,16788295
3025.081,1,17031845
3026.636,1,17263660
3028.191,1,17520254
3029.746,1,17781544
3031.300,1,18037283
3032.854,1,18305448
3034.408,1,18555455
3035.962,1,18832917
3037.515,1,19106900
3039.068,1,19380564
3040.620,1,19663003
3042.172,1,19957377
3043.724,1,20246392
3045.275,1,20540603
3046.827,1,20839103
3048.377,1,21143050
3049.928,1,21449871
3051.478,1,21780269
3053.028,1,22093030
3054.577,1,22423166
3056.127,1,22758192
3057.675,1,23098256
3059.224,1,23441265
3060.772,1,23787324
3062.320,1,24137332
3063.868,1,24497044
3065.415,1,24867012
3066.962,1,25240409
3068.508,1,25617503
3070.054,1,26017717
3071.600,1,26394201
3073.146,1,26795584
3074.691,1,27193786
3076.236,1,27605098
3077.781,1,28042768
3079.325,1,28451147
3080.869,1,28876305
3082.413,1,29313332
3083.956,1,29769199
3085.499,1,30209952
3087.042,1,30669044
3088.584,1,31142900
3090.126,1,31605699
3091.668,1,32084946
3093.209,1,32574713
3094.750,1,33068953
3096.291,1,33582434
3097.831,1,34079580
3099.371,1,34570537
3100.911,1,35140339
3102.451,1,35655265
3103.990,1,36210556
3105.528,1,36748692
3107.067,1,37308903
3108.605,1,37869680
3110.143,1,38408059
3111.680,1,38982329
3113.217,1,39557545
3114.754,1,40148243
3116.291,1,40754354
3117.827,1,41355629
3119.363,1,41955475
3120.898,1,42568608
3122.434,1,43186634
3123.969,1,43816402
3125.503,1,44459534
3127.037,1,45032633
3128.571,1,45668715
3130.105,1,46343364
3131.638,1,46947284
3133.171,1,47626705
3134.704,1,48262917
3136.236,1,48922841
3137.768,1,49564206
3139.300,1,50232330
3140.831,1,50909047
3142.362,1,51576490
3143.893,1,52264697
3145.423,1,52946580
3146.954,1,53574818
3148.483,1,54297562
3150.013,1,54937546
3151.542,1,55653491
3153.071,1,56269712
3154.599,1,56978978
3156.127,1,57617620
3157.655,1,58264670
3159.183,1,58952028
3160.710,1,59537651
3162.237,1,60213628
3163.763,1,60831979
3165.290,1,61491564
3166.815,1,62123477
3168.341,1,62748962
3169.866,1,63400430
3171.391,1,64063155
3172.916,1,64644401
3174.440,1,65253890
3175.964,1,65856637
3177.488,1,66475345
3179.011,1,67044545
3180.534,1,67643668
3182.057,1,68156616
3183.579,1,68677189
3185.102,1,69201550
3186.623,1,69765443
3188.145,1,70272816
3189.666,1,70794142
3191.187,1,71290573
3192.707,1,71755851
3194.227,1,72226191
3195.747,1,72714173
3197.267,1,73187728
3198.786,1,73724721
3200.305,1,74139673
3201.824,1,74597826
3203.342,1,75016481
3204.860,1,75360450
3206.378,1,75775326
3207.895,1,76092242
3209.412,1,76456199
3210.929,1,76741461
3212.445,1,77025667
3213.961,1,77335753
3215.477,1,77582433
3216.992,1,77839593
3218.507,1,78023979
3220.022,1,78294596
3221.537,1,78552234
3223.051,1,78764778
3224.565,1,78996242
3226.078,1,79257895
3227.591,1,79526755
3229.104,1,79737977
3230.617,1,79985462
3232.129,1,80201621
3233.641,1,80363375
3235.153,1,80531721
3236.664,1,80602566
3238.175,1,80737648
3239.686,1,80851301
3241.196,1,80936440
3242.706,1,81032794
3244.216,1,81142216
3245.725,1,81241260
3247.235,1,81299668
3248.743,1,81305945
3250.252,1,81317552
3251.760,1,81395159
3253.268,1,81462361
3254.775,1,81528763
3256.283,1,81570082
3257.790,1,81647623
3259.296,1,81713403
3260.803,1,81755288
3262.309,1,81797446
3263.814,1,81866127
3265.320,1,81923133
3266.825,1,82054053
3268.329,1,82136207
3269.834,1,82181255
3271.338,1,82273712
3272.842,1,82316037
3274.345,1,82429820
3275.848,1,82424387
3277.351,1,82514718
3278.854,1,82386016
3280.356,1,82566589
3281.858,1,82688243
3283.359,1,82733316
3284.861,1,82819870
3286.362,1,82894662
3287.862,1,83010012
3289.363,1,83017599
3290.863,1,83144121
3292.363,1,83181169
3293.862,1,83278890
3295.361,1,83346634
3296.860,1,83403838
3298.358,1,83491644
3299.857,1,83526876
3301.355,1,83623933
3302.852,1,83756060
3304.349,1,83843597
3305.846,1,83941067
3307.343,1,84042866
3308.839,1,84159278
3310.335,1,84216153
3311.831,1,84330615
3313.326,1,84449099
3314.821,1,84555015
3316.316,1,84642916
3317.811,1,84787523
3319.305,1,84910298
3320.799,1,85027068
3322.292,1,85201726
3323.785,1,85275717
3325.278,1,85378584
3326.771,1,85448722
3328.263,1,85497667
3329.755,1,85670684
3331.247,1,85797265
3332.738,1,85976402
3334.229,1,86090372
3335.720,1,86261596
3337.211,1,86352435
3338.701,1,86541783
3340.191,1,86672150
3341.680,1,86718061
3343.169,1,86943972
3344.658,1,87158584
3346.147,1,87345027
3347.635,1,87481281
3349.123,1,87645611
3350.611,1,87794599
3352.098,1,87999021
3353.585,1,88135803
3355.072,1,88288233
3356.558,1,88495333
3358.044,1,88642258
3359.530,1,88874161
3361.016,1,89025156
3362.501,1,89201727
3363.986,1,89383616
3365.471,1,89513604
3366.955,1,89708568
3368.439,1,89848592
3369.923,1,90025341
3371.406,1,90226061
3372.889,1,90404175
3374.372,1,90535833
3375.854,1,90680492
3377.336,1,90730769
3378.818,1,90919357
3380.300,1,90923532
3381.781,1,91021911
3383.262,1,91079250
3384.743,1,91133327
3386.223,1,91177131
3387.703,1,91234627
3389.183,1,91145602
3390.662,1,91199957
3392.141,1,91200742
3393.620,1,91189827
3395.098,1,91195710
3396.577,1,91210850
3398.054,1,91230916
3399.532,1,91220603
3401.009,1,91228773
3402.486,1,91179579
3403.963,1,91253404
3405.439,1,91167148
3406.915,1,90736323
3408.391,1,91050720
3409.866,1,91010487
3411.342,1,90919695
3412.816,1,90768474
3414.291,1,90695242
3415.765,1,90552646
3417.239,1,90460845
3418.713,1,90304829
3420.186,1,90133339
3421.659,1,89993243
3423.132,1,89792031
3424.604,1,89547248
3426.076,1,89213020
3427.548,1,88952820
3429.020,1,88655657
3430.491,1,88391421
3431.962,1,88130981
3433.432,1,87819734
3434.903,1,87554618
3436.373,1,87279350
3437.842,1,87024488
3439.312,1,86731941
3440.781,1,86529961
3442.250,1,86221727
3443.718,1,85924624
3445.186,1,85590378
3446.654,1,85254452
3448.122,1,84902934
3449.589,1,84553879
3451.056,1,84259313
3452.523,1,83814376
