1176.150,1,54550
1178.120,1,50369
1180.090,1,49497
1182.059,1,49682
1184.028,1,49356
1185.997,1,49380
1187.965,1,49394
1189.932,1,49394
1191.899,1,49361
1193.866,1,49349
1195.832,1,49243
1197.798,1,49327
1199.763,1,49207
1201.728,1,49283
1203.692,1,49274
1205.656,1,49187
1207.619,1,49158
1209.582,1,49265
1211.545,1,49142
1213.507,1,49172
1215.468,1,49182
1217.429,1,49234
1219.390,1,49250
1221.350,1,49148
1223.310,1,49229
1225.269,1,49250
1227.227,1,49300
1229.186,1,49292
1231.144,1,49228
1233.101,1,49367
1235.058,1,49352
1237.014,1,49395
1238.970,1,49404
1240.926,1,49419
1242.881,1,49504
1244.835,1,49549
1246.789,1,49539
1248.743,1,49527
1250.696,1,49475
1252.649,1,49580
1254.601,1,49619
1256.553,1,49543
1258.504,1,49496
1260.455,1,49563
1262.405,1,49529
1264.355,1,49626
1266.305,1,49559
1268.254,1,49584
1270.202,1,49530
1272.150,1,49549
1274.098,1,49577
1276.045,1,49482
1277.992,1,49589
1279.938,1,49552
1281.884,1,49502
1283.829,1,49520
1285.774,1,49472
1287.718,1,49516
1289.662,1,49435
1291.606,1,49448
1293.549,1,49447
1295.492,1,49525
1297.434,1,49470
1299.375,1,49339
1301.317,1,49428
1303.257,1,49527
1305.198,1,49442
1307.137,1,49537
1309.077,1,49399
1311.016,1,49361
1312.954,1,49448
1314.892,1,49345
1316.830,1,49417
1318.767,1,49426
1320.703,1,49487
1322.640,1,49451
1324.575,1,49479
1326.511,1,49357
1328.445,1,49321
1330.380,1,49308
1332.314,1,49273
1334.247,1,49301
1336.180,1,49262
1338.113,1,49252
1340.045,1,49217
1341.976,1,49267
1343.908,1,49228
1345.838,1,49167
1347.769,1,49172
1349.698,1,49271
1351.628,1,49211
1353.557,1,49174
1355.485,1,49255
1357.413,1,49165
1359.341,1,49107
1361.268,1,49274
1363.194,1,49266
1365.121,1,49189
1367.046,1,49163
1368.972,1,49184
1370.896,1,49172
1372.821,1,49111
1374.745,1,49133
1376.668,1,49165
1378.591,1,49104
1380.514,1,49059
1382.436,1,49194
1384.358,1,49177
1386.279,1,49252
1388.200,1,49301
1390.120,1,49444
1392.040,1,49439
1393.959,1,49442
1395.878,1,49465
1397.797,1,49408
1399.715,1,49601
1401.632,1,49535
1403.550,1,49637
1405.466,1,49689
1407.383,1,49668
1409.298,1,49644
1411.214,1,49735
1413.129,1,49742
1415.043,1,49618
1416.957,1,49724
1418.871,1,49629
1420.784,1,49553
1422.697,1,49565
1424.609,1,49570
1426.521,1,49513
1428.432,1,49492
1430.343,1,49421
1432.253,1,49332
1434.163,1,49339
1436.073,1,49225
1437.982,1,49080
1439.891,1,49115
1441.799,1,49090
1443.707,1,49060
1445.614,1,49122
1447.521,1,48996
1449.427,1,49038
1451.333,1,49060
1453.239,1,48931
1455.144,1,48980
1457.048,1,48945
1458.953,1,48887
1460.856,1,48884
1462.760,1,48981
1464.663,1,48921
1466.565,1,48943
1468.467,1,48910
1470.369,1,48910
1472.270,1,48859
1474.170,1,48830
1476.071,1,48876
1477.970,1,48990
1479.870,1,48879
1481.769,1,48944
1483.667,1,48760
1485.565,1,48853
1487.462,1,48829
1489.360,1,48861
1491.256,1,48859
1493.152,1,48872
1495.048,1,48919
1496.944,1,48953
1498.839,1,48863
1500.733,1,48835
1502.627,1,48953
1504.521,1,48927
1506.414,1,48992
1508.306,1,48898
1510.199,1,48940
1512.090,1,49006
1513.982,1,48974
1515.873,1,48940
1517.763,1,48976
1519.653,1,49007
1521.543,1,49146
1523.432,1,48985
1525.321,1,49003
1527.209,1,49074
1529.097,1,49134
1530.984,1,49098
1532.871,1,49038
1534.758,1,49125
1536.644,1,49206
1538.530,1,49135
1540.415,1,49181
1542.300,1,49187
1544.184,1,49347
1546.068,1,49310
1547.951,1,49238
1549.834,1,49200
1551.717,1,49386
1553.599,1,49333
1555.481,1,49342
1557.362,1,49421
1559.243,1,49350
1561.123,1,49489
1563.003,1,49542
1564.883,1,49557
1566.762,1,49591
1568.641,1,49614
1570.519,1,49629
1572.397,1,49675
1574.274,1,49714
1576.151,1,49802
1578.028,1,49687
1579.904,1,49832
1581.779,1,49836
1583.654,1,49953
1585.529,1,49962
1587.403,1,49983
1589.277,1,49998
1591.151,1,50180
1593.024,1,50227
1594.896,1,50224
1596.769,1,50401
1598.640,1,50419
1600.512,1,50542
1602.382,1,50636
1604.253,1,50626
1606.123,1,50662
1607.992,1,50853
1609.861,1,50978
1611.730,1,51076
1613.598,1,51099
1615.466,1,51128
1617.334,1,51296
1619.201,1,51312
1621.067,1,51392
1622.933,1,51475
1624.799,1,51503
1626.664,1,51548
1628.529,1,51687
1630.393,1,51670
1632.257,1,51664
1634.121,1,51681
1635.984,1,51672
1637.846,1,51955
1639.709,1,51866
1641.570,1,51725
1643.432,1,51902
1645.293,1,51848
1647.153,1,51849
1649.013,1,51868
1650.873,1,51674
1652.732,1,51897
1654.591,1,51687
1656.449,1,51713
1658.307,1,51681
1660.165,1,51579
1662.022,1,51580
1663.878,1,51478
1665.734,1,51426
1667.590,1,51398
1669.446,1,51268
1671.300,1,51092
1673.155,1,51069
1675.009,1,50950
1676.863,1,50913
1678.716,1,50720
1680.569,1,50599
1682.421,1,50486
1684.273,1,50370
1686.124,1,50366
1687.976,1,50194
1689.826,1,50038
1691.676,1,50035
1693.526,1,49912
1695.376,1,49804
1697.225,1,49715
1699.073,1,49728
1700.921,1,49574
1702.769,1,49561
1704.616,1,49405
1706.463,1,49331
1708.309,1,49354
1710.155,1,49286
1712.001,1,49269
1713.846,1,49091
1715.691,1,49067
1717.535,1,49085
1719.379,1,48972
1721.222,1,48940
1723.065,1,48935
1724.908,1,48744
1726.750,1,48885
1728.592,1,48673
1730.433,1,48654
1732.274,1,48705
1734.114,1,48697
1735.954,1,48647
1737.794,1,48561
1739.633,1,48515
1741.472,1,48518
1743.310,1,48543
1745.148,1,48469
1746.986,1,48387
1748.823,1,48377
1750.659,1,48401
1752.496,1,48380
1754.332,1,48248
1756.167,1,48277
1758.002,1,48297
1759.836,1,48244
1761.671,1,48336
1763.504,1,48273
1765.338,1,48255
1767.171,1,48169
1769.003,1,48166
1770.835,1,48203
1772.667,1,48184
1774.498,1,48089
1776.329,1,48184
1778.159,1,48143
1779.989,1,48133
1781.818,1,48137
1783.648,1,48034
1785.476,1,48050
1787.304,1,47966
1789.132,1,47898
1790.960,1,48111
1792.787,1,47972
1794.613,1,48046
1796.440,1,48020
1798.265,1,48003
1800.091,1,48047
1801.916,1,48047
1803.740,1,47885
1805.564,1,47978
1807.388,1,47998
1809.211,1,47976
1811.034,1,48015
1812.856,1,47874
1814.678,1,47943
1816.500,1,47889
1818.321,1,47928
1820.142,1,47960
1821.962,1,47909
1823.782,1,47965
1825.602,1,47886
1827.421,1,47995
1829.239,1,47908
1831.058,1,47895
1832.875,1,47903
1834.693,1,47912
1836.510,1,47912
1838.327,1,47993
1840.143,1,47924
1841.959,1,47865
1843.774,1,47915
1845.589,1,47924
1847.403,1,47841
1849.217,1,47960
1851.031,1,47926
1852.844,1,47888
1854.657,1,47934
1856.470,1,47933
1858.282,1,47943
1860.093,1,47939
1861.905,1,47929
1863.716,1,47934
1865.526,1,47861
1867.336,1,47856
1869.146,1,47982
1870.955,1,47814
1872.763,1,47906
1874.572,1,47924
1876.380,1,47873
1878.187,1,47801
1879.994,1,47870
1881.801,1,47867
1883.607,1,47863
1885.413,1,47866
1887.219,1,47870
1889.024,1,47907
1890.828,1,47859
1892.633,1,47941
1894.436,1,47896
1896.240,1,47886
1898.043,1,47907
1899.845,1,47891
1901.648,1,47883
1903.449,1,47915
1905.251,1,47921
1907.052,1,47960
1908.852,1,48019
1910.652,1,47921
1912.452,1,47929
1914.251,1,47993
1916.050,1,47995
1917.849,1,47943
1919.647,1,47967
1921.445,1,48001
1923.242,1,47937
1925.039,1,47896
1926.835,1,47992
1928.631,1,47999
1930.427,1,47949
1932.222,1,48024
1934.017,1,47961
1935.811,1,48006
1937.605,1,47909
1939.399,1,47969
1941.192,1,48027
1942.985,1,48047
1944.777,1,48004
1946.569,1,48027
1948.361,1,48075
1950.152,1,48031
1951.943,1,48040
1953.733,1,48032
1955.523,1,47969
1957.313,1,48063
1959.102,1,48032
1960.891,1,48145
1962.679,1,48074
1964.467,1,48127
1966.254,1,48202
1968.041,1,48075
1969.828,1,48075
1971.614,1,48060
1973.400,1,48147
1975.186,1,48131
1976.971,1,48170
1978.756,1,48149
1980.540,1,48107
1982.324,1,48193
1984.107,1,48213
1985.890,1,48268
1987.673,1,48214
1989.455,1,48167
1991.237,1,48283
1993.019,1,48216
1994.800,1,48229
1996.580,1,48125
1998.361,1,48318
2000.141,1,48261
2001.920,1,48343
2003.699,1,48303
2005.478,1,48332
2007.256,1,48332
2009.034,1,48256
2010.811,1,48313
2012.588,1,48450
2014.365,1,48350
2016.141,1,48305
2017.917,1,48361
2019.692,1,48379
2021.468,1,48360
2023.242,1,48441
2025.016,1,48452
2026.790,1,48438
2028.564,1,48457
2030.337,1,48420
2032.109,1,48458
2033.882,1,48417
2035.653,1,48477
2037.425,1,48556
2039.196,1,48497
2040.967,1,48521
2042.737,1,48463
2044.507,1,48534
2046.276,1,48545
2048.045,1,48504
2049.814,1,48535
2051.582,1,48560
2053.350,1,48520
2055.117,1,48558
2056.884,1,48560
2058.651,1,48521
2060.417,1,48567
2062.183,1,48509
2063.949,1,48562
2065.714,1,48658
2067.479,1,48655
2069.243,1,48646
2071.007,1,48607
2072.770,1,48655
2074.533,1,48606
2076.296,1,48610
2078.058,1,48644
2079.820,1,48627
2081.582,1,48653
2083.343,1,48677
2085.103,1,48573
2086.864,1,48661
2088.624,1,48670
2090.383,1,48707
2092.142,1,48743
2093.901,1,48716
2095.659,1,48713
2097.417,1,48716
2099.175,1,48691
2100.932,1,48743
2102.689,1,48716
2104.445,1,48700
2106.201,1,48715
2107.957,1,48770
2109.712,1,48745
2111.467,1,48770
2113.221,1,48752
2114.975,1,48694
2116.729,1,48771
2118.482,1,48746
2120.235,1,48806
2121.987,1,48722
2123.739,1,48759
2125.491,1,48793
2127.242,1,48730
2128.993,1,48776
2130.744,1,48799
2132.494,1,48674
2134.243,1,48733
2135.993,1,48789
2137.742,1,48770
2139.490,1,48716
2141.238,1,48730
2142.986,1,48738
2144.733,1,48639
2146.480,1,48628
2148.227,1,48682
2149.973,1,48744
2151.719,1,48710
2153.464,1,48750
2155.209,1,48650
2156.954,1,48709
2158.698,1,48685
2160.442,1,48773
2162.185,1,48767
2163.928,1,48668
2165.671,1,48652
2167.413,1,48655
2169.155,1,48713
2170.896,1,48669
2172.638,1,48783
2174.378,1,48637
2176.119,1,48609
2177.859,1,48653
2179.598,1,48615
2181.337,1,48593
2183.076,1,48607
2184.814,1,48677
2186.552,1,48628
2188.290,1,48568
2190.027,1,48588
2191.764,1,48642
2193.500,1,48556
2195.236,1,48599
2196.972,1,48570
2198.707,1,48646
2200.442,1,48534
2202.177,1,48592
2203.911,1,48493
2205.645,1,48626
2207.378,1,48575
2209.111,1,48605
2210.844,1,48505
2212.576,1,48544
2214.308,1,48580
2216.039,1,47078
2217.770,1,48444
2219.501,1,48513
2221.231,1,48510
2222.961,1,48457
2224.690,1,48522
2226.419,1,48434
2228.148,1,48490
2229.876,1,48539
2231.604,1,48443
2233.332,1,48475
2235.059,1,48445
2236.786,1,48444
2238.512,1,48418
2240.238,1,48415
2241.964,1,48390
2243.689,1,48390
2245.414,1,48394
2247.138,1,48393
2248.863,1,48374
2250.586,1,48410
2252.310,1,48390
2254.033,1,48376
2255.755,1,48423
2257.477,1,48297
2259.199,1,48383
2260.921,1,48328
2262.642,1,48373
2264.362,1,48320
2266.083,1,48334
2267.802,1,48386
2269.522,1,48356
2271.241,1,48354
2272.960,1,48318
2274.678,1,48348
2276.396,1,48268
2278.114,1,48268
2279.831,1,48319
2281.548,1,48302
2283.264,1,48199
2284.980,1,48292
2286.696,1,48268
2288.411,1,48273
2290.126,1,48224
2291.841,1,48207
2293.555,1,48264
2295.269,1,48264
2296.982,1,48200
2298.695,1,48263
2300.408,1,48240
2302.120,1,48189
2303.832,1,48280
2305.544,1,48220
2307.255,1,48227
2308.966,1,48153
2310.676,1,48230
2312.386,1,48113
2314.096,1,48137
2315.805,1,48143
2317.514,1,48181
2319.222,1,48171
2320.930,1,48183
2322.638,1,48157
2324.345,1,48145
2326.052,1,48160
2327.759,1,48073
2329.465,1,48039
2331.171,1,48085
2332.877,1,48127
2334.582,1,48156
2336.286,1,48082
2337.991,1,48044
2339.695,1,48072
2341.398,1,48036
2343.101,1,48091
2344.804,1,48085
2346.507,1,47949
2348.209,1,48007
2349.910,1,48027
2351.612,1,48124
2353.313,1,48103
2355.013,1,48080
2356.714,1,48115
2358.413,1,48048
2360.113,1,48031
2361.812,1,47998
2363.511,1,48116
2365.209,1,48062
2366.907,1,48041
2368.604,1,48013
2370.302,1,48029
2371.998,1,48012
2373.695,1,47986
2375.391,1,47959
2377.087,1,47985
2378.782,1,48011
2380.477,1,47987
2382.172,1,47974
2383.866,1,47990
2385.560,1,48063
2387.253,1,47950
2388.946,1,47968
2390.639,1,48044
2392.331,1,47958
2394.023,1,47932
2395.715,1,48040
2397.406,1,47997
2399.097,1,47966
2400.787,1,47948
2402.477,1,47922
2404.167,1,47975
2405.857,1,47855
2407.545,1,47964
2409.234,1,47933
2410.922,1,47947
2412.610,1,47961
2414.298,1,47885
2415.985,1,47999
2417.672,1,47932
2419.358,1,47968
2421.044,1,47915
2422.730,1,47932
2424.415,1,47929
2426.100,1,47968
2427.784,1,47960
2429.469,1,47945
2431.152,1,47936
2432.836,1,47890
2434.519,1,47917
2436.202,1,47845
2437.884,1,47940
2439.566,1,47959
2441.247,1,47933
2442.929,1,47876
2444.609,1,47939
2446.290,1,47937
2447.970,1,47910
2449.650,1,47952
2451.329,1,47878
2453.008,1,47928
2454.687,1,47820
2456.365,1,47858
2458.043,1,47864
2459.720,1,47874
2461.398,1,47902
2463.074,1,47925
2464.751,1,47821
2466.427,1,47958
2468.103,1,47896
2469.778,1,47807
2471.453,1,47817
2473.127,1,47896
2474.802,1,47857
2476.475,1,47896
2478.149,1,47821
2479.822,1,47806
2481.495,1,47897
2483.167,1,47827
2484.839,1,47861
2486.511,1,47868
2488.182,1,47845
2489.853,1,47867
2491.524,1,47875
2493.194,1,47843
2494.864,1,47874
2496.533,1,47881
2498.202,1,47786
2499.871,1,47844
2501.539,1,47833
2503.207,1,47791
2504.875,1,47879
2506.542,1,47870
2508.209,1,47861
2509.876,1,47900
2511.542,1,47851
2513.208,1,47794
2514.873,1,47803
2516.538,1,47755
2518.203,1,47893
2519.867,1,47831
2521.531,1,47802
2523.195,1,47794
2524.858,1,47820
2526.521,1,47823
2528.183,1,47834
2529.846,1,47789
2531.507,1,47857
2533.169,1,47798
2534.830,1,47813
2536.491,1,47814
2538.151,1,47865
2539.811,1,47860
2541.471,1,47827
2543.130,1,47810
2544.789,1,47807
2546.447,1,47823
2548.106,1,47856
2549.763,1,47818
2551.421,1,47771
2553.078,1,47856
2554.735,1,47814
2556.391,1,47818
2558.047,1,47764
2559.703,1,47846
2561.358,1,47806
2563.013,1,47779
2564.667,1,47844
2566.322,1,47832
2567.976,1,47833
2569.629,1,47876
2571.282,1,47770
2572.935,1,47776
2574.587,1,47796
2576.239,1,47770
2577.891,1,47772
2579.542,1,47807
2581.193,1,47831
2582.844,1,47748
2584.494,1,47823
2586.144,1,47749
2587.794,1,47780
2589.443,1,47932
2591.092,1,47755
2592.740,1,47840
2594.388,1,47796
2596.036,1,47768
2597.683,1,47781
2599.330,1,47795
2600.977,1,47849
2602.623,1,47768
2604.269,1,47901
2605.915,1,47847
2607.560,1,47822
2609.205,1,47842
2610.850,1,47759
2612.494,1,47906
2614.138,1,47907
2615.781,1,47762
2617.424,1,47869
2619.067,1,47817
2620.709,1,47842
2622.351,1,47859
2623.993,1,47864
2625.634,1,47828
2627.275,1,47870
2628.916,1,47844
2630.556,1,47889
2632.196,1,47903
2633.836,1,47873
2635.475,1,47878
2637.114,1,47909
2638.752,1,47915
2640.390,1,47937
2642.028,1,47909
2643.665,1,47936
2645.302,1,47919
2646.939,1,47973
2648.575,1,47955
2650.211,1,47919
2651.847,1,47948
2653.482,1,48010
2655.117,1,48003
2656.752,1,48049
2658.386,1,48080
2660.020,1,48029
2661.653,1,48010
2663.286,1,48128
2664.919,1,48050
2666.552,1,48072
2668.184,1,48147
2669.816,1,48149
2671.447,1,48125
2673.078,1,48145
2674.709,1,48085
2676.339,1,48167
2677.969,1,48120
2679.599,1,48182
2681.228,1,48217
2682.857,1,48288
2684.485,1,48269
2686.113,1,48300
2687.741,1,48258
2689.369,1,48234
2690.996,1,48223
2692.623,1,48270
2694.249,1,48254
2695.875,1,48318
2697.501,1,48312
2699.127,1,48372
2700.752,1,48288
2702.376,1,48362
2704.001,1,48301
2705.625,1,48377
2707.248,1,48386
2708.872,1,48437
2710.495,1,48554
2712.117,1,48380
2713.739,1,48478
2715.361,1,48500
2716.983,1,48467
2718.604,1,48479
2720.225,1,48500
2721.845,1,48517
2723.465,1,48527
2725.085,1,48545
2726.705,1,48652
2728.324,1,48626
2729.943,1,48632
2731.561,1,48576
2733.179,1,48720
2734.797,1,48616
2736.414,1,48623
2738.031,1,48691
2739.648,1,48736
2741.264,1,48699
2742.880,1,48745
2744.496,1,48744
2746.111,1,48804
2747.726,1,48889
2749.340,1,48806
2750.955,1,48849
2752.568,1,48785
2754.182,1,48928
2755.795,1,48945
2757.408,1,48897
2759.020,1,48943
2760.633,1,48977
2762.244,1,49003
2763.856,1,48921
2765.467,1,49112
2767.078,1,49143
2768.688,1,49093
2770.298,1,49150
2771.908,1,49175
2773.517,1,49221
2775.126,1,49224
2776.735,1,49311
2778.343,1,49219
2779.951,1,49326
2781.559,1,49288
2783.166,1,49318
2784.773,1,49432
2786.380,1,49364
2787.986,1,49461
2789.592,1,49451
2791.198,1,49618
2792.803,1,49577
2794.408,1,49584
2796.012,1,49548
2797.616,1,49669
2799.220,1,49714
2800.824,1,49763
2802.427,1,49844
2804.030,1,49746
2805.632,1,49840
2807.234,1,49923
2808.836,1,50053
2810.438,1,50026
2812.039,1,50058
2813.639,1,50048
2815.240,1,50166
2816.840,1,50152
2818.440,1,50313
2820.039,1,50342
2821.638,1,50313
2823.237,1,50508
2824.835,1,50452
2826.433,1,50483
2828.031,1,50539
2829.628,1,50670
2831.225,1,50750
2832.822,1,50703
2834.418,1,50874
2836.014,1,50973
2837.610,1,50980
2839.205,1,51009
2840.800,1,51092
2842.394,1,51153
2843.989,1,51288
2845.583,1,51338
2847.176,1,51302
2848.769,1,51469
2850.362,1,51441
2851.955,1,51651
2853.547,1,51676
2855.139,1,51758
2856.730,1,51951
2858.322,1,51964
2859.912,1,51941
2861.503,1,52009
2863.093,1,52142
2864.683,1,52217
2866.272,1,52465
2867.862,1,52484
2869.450,1,52562
2871.039,1,52598
2872.627,1,52804
2874.215,1,52876
2875.802,1,53062
2877.389,1,53090
2878.976,1,53182
2880.563,1,53314
2882.149,1,53239
2883.734,1,53475
2885.320,1,53543
2886.905,1,53713
2888.490,1,53804
2890.074,1,53932
2891.658,1,54013
2893.242,1,54270
2894.825,1,54315
2896.408,1,54521
2897.991,1,54782
2899.574,1,54849
2901.156,1,55231
2902.737,1,55392
2904.319,1,55536
2905.900,1,55869
2907.480,1,56230
2909.061,1,56743
2910.641,1,56958
2912.220,1,57621
2913.800,1,57935
2915.379,1,58380
2916.958,1,58830
2918.536,1,59216
2920.114,1,59784
2921.692,1,59982
2923.269,1,60308
2924.846,1,60669
2926.423,1,60872
2927.999,1,61202
2929.575,1,61278
2931.151,1,61633
2932.726,1,61688
2934.301,1,62022
2935.875,1,62041
2937.450,1,62337
2939.024,1,62227
2940.597,1,62428
2942.171,1,62437
2943.744,1,62502
2945.316,1,62456
2946.889,1,62514
2948.461,1,62415
2950.032,1,62371
2951.604,1,62388
2953.175,1,62423
2954.745,1,62325
2956.316,1,62400
2957.886,1,62461
2959.455,1,62614
2961.024,1,62647
2962.593,1,62726
2964.162,1,62850
2965.730,1,62967
2967.298,1,63322
2968.866,1,63675
2970.433,1,63677
2972.000,1,63720
2973.567,1,64056
2975.133,1,64179
2976.699,1,64517
2978.265,1,64752
2979.830,1,64961
2981.395,1,65112
2982.960,1,65071
2984.524,1,65343
2986.088,1,65714
2987.652,1,65946
2989.215,1,66036
2990.778,1,66077
2992.341,1,66262
2993.903,1,66629
2995.465,1,66857
2997.027,1,67210
2998.588,1,67430
3000.149,1,67305
3001.710,1,67862
3003.270,1,68055
3004.830,1,68472
3006.390,1,68534
3007.949,1,68859
3009.508,1,69424
3011.067,1,69578
3012.626,1,69909
3014.184,1,70307
3015.741,1,70829
3017.299,1,71064
3018.856,1,71354
3020.412,1,71655
3021.969,1,72051
3023.525,1,72740
3025.081,1,73029
3026.636,1,73778
3028.191,1,73918
3029.746,1,74756
3031.300,1,75152
3032.854,1,75287
3034.408,1,76020
3035.962,1,76433
3037.515,1,76891
3039.068,1,77450
3040.620,1,77743
3042.172,1,78436
3043.724,1,79023
3045.275,1,79669
3046.827,1,80378
3048.377,1,80581
3049.928,1,81469
3051.478,1,81954
3053.028,1,82564
3054.577,1,83000
3056.127,1,83700
3057.675,1,84315
3059.224,1,85163
3060.772,1,85523
3062.320,1,86346
3063.868,1,86934
3065.415,1,87895
3066.962,1,88134
3068.508,1,88893
3070.054,1,89650
3071.600,1,90113
3073.146,1,91352
3074.691,1,91806
3076.236,1,92572
3077.781,1,93476
3079.325,1,94364
3080.869,1,95409
3082.413,1,95898
3083.956,1,96554
3085.499,1,97622
3087.042,1,98612
3088.584,1,99305
3090.126,1,99917
3091.668,1,100976
3093.209,1,101654
3094.750,1,102579
3096.291,1,103826
3097.831,1,104746
3099.371,1,105443
3100.911,1,106517
3102.451,1,107519
3103.990,1,108955
3105.528,1,109353
3107.067,1,110713
3108.605,1,111742
3110.143,1,112628
3111.680,1,113629
3113.217,1,114651
3114.754,1,116071
3116.291,1,116950
3117.827,1,118113
3119.363,1,119373
3120.898,1,120191
3122.434,1,121562
3123.969,1,122598
3125.503,1,124070
3127.037,1,124944
3128.571,1,126191
3130.105,1,127268
3131.638,1,128696
3133.171,1,129806
3134.704,1,131222
3136.236,1,132186
3137.768,1,133418
3139.300,1,134646
3140.831,1,136100
3142.362,1,137090
3143.893,1,138534
3145.423,1,139833
3146.954,1,140834
3148.483,1,141724
3150.013,1,143626
3151.542,1,144761
3153.071,1,145949
3154.599,1,147342
3156.127,1,148519
3157.655,1,149658
3159.183,1,151225
3160.710,1,152306
3162.237,1,153345
3163.763,1,155056
3165.290,1,155766
3166.815,1,156922
3168.341,1,157929
3169.866,1,159447
3171.391,1,160294
3172.916,1,161942
3174.440,1,163029
3175.964,1,163842
3177.488,1,165241
3179.011,1,166354
3180.534,1,167542
3182.057,1,168676
3183.579,1,169855
3185.102,1,170293
3186.623,1,171536
3188.145,1,171917
3189.666,1,174009
3191.187,1,173906
3192.707,1,175763
3194.227,1,176769
3195.747,1,177466
3197.267,1,178106
3198.786,1,178813
3200.305,1,180086
3201.824,1,180513
3203.342,1,182148
3204.860,1,182214
3206.378,1,182825
3207.895,1,183406
3209.412,1,184289
3210.929,1,184936
3212.445,1,186020
3213.961,1,186472
3215.477,1,186616
3216.992,1,187191
3218.507,1,187872
3220.022,1,188148
3221.537,1,188780
3223.051,1,189001
3224.565,1,189755
3226.078,1,190009
3227.591,1,190263
3229.104,1,190655
3230.617,1,191876
3232.129,1,192237
3233.641,1,192183
3235.153,1,192472
3236.664,1,192604
3238.175,1,193302
3239.686,1,193498
3241.196,1,193404
3242.706,1,193671
3244.216,1,194153
3245.725,1,194427
3247.235,1,194353
3248.743,1,194152
3250.252,1,194650
3251.760,1,194619
3253.268,1,195118
3254.775,1,194948
3256.283,1,195101
3257.790,1,195442
3259.296,1,195663
3260.803,1,195959
3262.309,1,195837
3263.814,1,195310
3265.320,1,195768
3266.825,1,195786
3268.329,1,196551
3269.834,1,196570
3271.338,1,196436
3272.842,1,196541
3274.345,1,197032
3275.848,1,197168
3277.351,1,196816
3278.854,1,196964
3280.356,1,196976
3281.858,1,197180
3283.359,1,197494
3284.861,1,197935
3286.362,1,197840
3287.862,1,197833
3289.363,1,198062
3290.863,1,198099
3292.363,1,198545
3293.862,1,198673
3295.361,1,199319
3296.860,1,199414
3298.358,1,199474
3299.857,1,199367
3301.355,1,200057
3302.852,1,199942
3304.349,1,200023
3305.846,1,199977
3307.343,1,200815
3308.839,1,200721
3310.335,1,201265
3311.831,1,201392
3313.326,1,201349
3314.821,1,201832
3316.316,1,201974
3317.811,1,201561
3319.305,1,202316
3320.799,1,202875
3322.292,1,203066
3323.785,1,203570
3325.278,1,203273
3326.771,1,203907
3328.263,1,203704
3329.755,1,204174
3331.247,1,204642
3332.738,1,205010
3334.229,1,205036
3335.720,1,205742
3337.211,1,205906
3338.701,1,205959
3340.191,1,206644
3341.680,1,206607
3343.169,1,207096
3344.658,1,207202
3346.147,1,207648
3347.635,1,208080
3349.123,1,208538
3350.611,1,209219
3352.098,1,209552
3353.585,1,210238
3355.072,1,210322
3356.558,1,210276
3358.044,1,211624
3359.530,1,211651
3361.016,1,211987
3362.501,1,211686
3363.986,1,212376
3365.471,1,212827
3366.955,1,213239
3368.439,1,213752
3369.923,1,214412
3371.406,1,214329
3372.889,1,214824
3374.372,1,214814
3375.854,1,215112
3377.336,1,215435
3378.818,1,215507
3380.300,1,216130
3381.781,1,216402
3383.262,1,216129
3384.743,1,216764
3386.223,1,216755
3387.703,1,216859
3389.183,1,216808
3390.662,1,217030
3392.141,1,216980
3393.620,1,217047
3395.098,1,217248
3396.577,1,217213
3398.054,1,217615
3399.532,1,217063
3401.009,1,217249
3402.486,1,216997
3403.963,1,217476
3405.439,1,217623
3406.915,1,216599
3408.391,1,217211
3409.866,1,216758
3411.342,1,216774
3412.816,1,216684
3414.291,1,216643
3415.765,1,216655
3417.239,1,216164
3418.713,1,216265
3420.186,1,216183
3421.659,1,215217
3423.132,1,215483
3424.604,1,215076
3426.076,1,214873
3427.548,1,213551
3429.020,1,213567
3430.491,1,212636
3431.962,1,212053
3433.432,1,211860
3434.903,1,211144
3436.373,1,210708
3437.842,1,210092
3439.312,1,209814
3440.781,1,209174
3442.250,1,208918
3443.718,1,208219
3445.186,1,207317
3446.654,1,207162
3448.122,1,206968
3449.589,1,205820
3451.056,1,205319
3452.523,1,204584
