1176.150,1,3348561
1178.120,1,3280571
1180.090,1,3265748
1182.059,1,3269166
1184.028,1,3263940
1185.997,1,3257167
1187.965,1,3251699
1189.932,1,3245992
1191.899,1,3243643
1193.866,1,3241887
1195.832,1,3237081
1197.798,1,3239065
1199.763,1,3242148
1201.728,1,3251634
1203.692,1,3264598
1205.656,1,3280281
1207.619,1,3301142
1209.582,1,3320926
1211.545,1,3334965
1213.507,1,3334904
1215.468,1,3324837
1217.429,1,3308843
1219.390,1,3287475
1221.350,1,3274765
1223.310,1,3262662
1225.269,1,3258643
1227.227,1,3256902
1229.186,1,3254303
1231.144,1,3258193
1233.101,1,3263615
1235.058,1,3271521
1237.014,1,3279897
1238.970,1,3287850
1240.926,1,3298573
1242.881,1,3304349
1244.835,1,3318127
1246.789,1,3325369
1248.743,1,3331996
1250.696,1,3336133
1252.649,1,3340152
1254.601,1,3343516
1256.553,1,3340135
1258.504,1,3342113
1260.455,1,3342451
1262.405,1,3338737
1264.355,1,3342718
1266.305,1,3347747
1268.254,1,3353010
1270.202,1,3356111
1272.150,1,3361276
1274.098,1,3363959
1276.045,1,3362163
1277.992,1,3360585
1279.938,1,3359586
1281.884,1,3360121
1283.829,1,3358079
1285.774,1,3357390
1287.718,1,3358960
1289.662,1,3357384
1291.606,1,3355060
1293.549,1,3354542
1295.492,1,3354130
1297.434,1,3356172
1299.375,1,3357386
1301.317,1,3356769
1303.257,1,3360363
1305.198,1,3362325
1307.137,1,3367322
1309.077,1,3368871
1311.016,1,3372738
1312.954,1,3373799
1314.892,1,3372282
1316.830,1,3375848
1318.767,1,3375666
1320.703,1,3380971
1322.640,1,3375707
1324.575,1,3374959
1326.511,1,3373603
1328.445,1,3364657
1330.380,1,3361684
1332.314,1,3357900
1334.247,1,3354091
1336.180,1,3352363
1338.113,1,3356463
1340.045,1,3356765
1341.976,1,3363696
1343.908,1,3364004
1345.838,1,3359187
1347.769,1,3348328
1349.698,1,3334380
1351.628,1,3313621
1353.557,1,3289506
1355.485,1,3264131
1357.413,1,3244027
1359.341,1,3226342
1361.268,1,3211919
1363.194,1,3199310
1365.121,1,3196162
1367.046,1,3191256
1368.972,1,3186960
1370.896,1,3183778
1372.821,1,3182549
1374.745,1,3178992
1376.668,1,3174731
1378.591,1,3173765
1380.514,1,3174201
1382.436,1,3175315
1384.358,1,3178196
1386.279,1,3185328
1388.200,1,3193441
1390.120,1,3201653
1392.040,1,3212321
1393.959,1,3221364
1395.878,1,3228661
1397.797,1,3235560
1399.715,1,3242631
1401.632,1,3248496
1403.550,1,3255776
1405.466,1,3257410
1407.383,1,3260298
1409.298,1,3262411
1411.214,1,3263635
1413.129,1,3264805
1415.043,1,3264122
1416.957,1,3263147
1418.871,1,3263300
1420.784,1,3261018
1422.697,1,3265391
1424.609,1,3267062
1426.521,1,3266622
1428.432,1,3266724
1430.343,1,3260508
1432.253,1,3256013
1434.163,1,3256354
1436.073,1,3264558
1437.982,1,3281740
1439.891,1,3304385
1441.799,1,3332873
1443.707,1,3360730
1445.614,1,3387826
1447.521,1,3415006
1449.427,1,3439291
1451.333,1,3457134
1453.239,1,3470066
1455.144,1,3466858
1457.048,1,3454404
1458.953,1,3440021
1460.856,1,3428173
1462.760,1,3416140
1464.663,1,3409353
1466.565,1,3402143
1468.467,1,3389902
1470.369,1,3374343
1472.270,1,3351731
1474.170,1,3330482
1476.071,1,3309067
1477.970,1,3290677
1479.870,1,3271700
1481.769,1,3253041
1483.667,1,3240787
1485.565,1,3226652
1487.462,1,3220237
1489.360,1,3212621
1491.256,1,3210035
1493.152,1,3208581
1495.048,1,3206206
1496.944,1,3206005
1498.839,1,3206943
1500.733,1,3208058
1502.627,1,3206627
1504.521,1,3209328
1506.414,1,3210883
1508.306,1,3214940
1510.199,1,3215100
1512.090,1,3216968
1513.982,1,3222741
1515.873,1,3228028
1517.763,1,3235466
1519.653,1,3242344
1521.543,1,3249005
1523.432,1,3252242
1525.321,1,3255249
1527.209,1,3257918
1529.097,1,3258259
1530.984,1,3261921
1532.871,1,3262508
1534.758,1,3259370
1536.644,1,3259928
1538.530,1,3262426
1540.415,1,3263227
1542.300,1,3266574
1544.184,1,3273763
1546.068,1,3281692
1547.951,1,3286955
1549.834,1,3295872
1551.717,1,3303608
1553.599,1,3307624
1555.481,1,3315083
1557.362,1,3314712
1559.243,1,3313642
1561.123,1,3313012
1563.003,1,3318680
1564.883,1,3321397
1566.762,1,3327250
1568.641,1,3333800
1570.519,1,3339211
1572.397,1,3346595
1574.274,1,3352856
1576.151,1,3360968
1578.028,1,3368610
1579.904,1,3378676
1581.779,1,3386804
1583.654,1,3400719
1585.529,1,3414829
1587.403,1,3436041
1589.277,1,3456436
1591.151,1,3469491
1593.024,1,3474890
1594.896,1,3483882
1596.769,1,3498935
1598.640,1,3519524
1600.512,1,3539757
1602.382,1,3562551
1604.253,1,3587624
1606.123,1,3620203
1607.992,1,3649735
1609.861,1,3671609
1611.730,1,3677718
1613.598,1,3678384
1615.466,1,3693219
1617.334,1,3712597
1619.201,1,3731188
1621.067,1,3748483
1622.933,1,3755705
1624.799,1,3762092
1626.664,1,3768943
1628.529,1,3781219
1630.393,1,3797800
1632.257,1,3815397
1634.121,1,3823576
1635.984,1,3831372
1637.846,1,3867601
1639.709,1,3887233
1641.570,1,3901884
1643.432,1,3919204
1645.293,1,3939728
1647.153,1,3959627
1649.013,1,3986677
1650.873,1,4005613
1652.732,1,4022793
1654.591,1,4033699
1656.449,1,4039753
1658.307,1,4029242
1660.165,1,4014467
1662.022,1,3985124
1663.878,1,3948316
1665.734,1,3909090
1667.590,1,3873115
1669.446,1,3838135
1671.300,1,3802328
1673.155,1,3772760
1675.009,1,3741039
1676.863,1,3713742
1678.716,1,3688208
1680.569,1,3663893
1682.421,1,3643518
1684.273,1,3614976
1686.124,1,3590977
1687.976,1,3570830
1689.826,1,3545251
1691.676,1,3524037
1693.526,1,3500016
1695.376,1,3477958
1697.225,1,3461232
1699.073,1,3440344
1700.921,1,3426593
1702.769,1,3412226
1704.616,1,3399810
1706.463,1,3385945
1708.309,1,3373419
1710.155,1,3366338
1712.001,1,3356581
1713.846,1,3350749
1715.691,1,3343702
1717.535,1,3332307
1719.379,1,3326021
1721.222,1,3314121
1723.065,1,3306092
1724.908,1,3295972
1726.750,1,3291845
1728.592,1,3286371
1730.433,1,3283175
1732.274,1,3277623
1734.114,1,3275169
1735.954,1,3268945
1737.794,1,3264997
1739.633,1,3260903
1741.472,1,3256128
1743.310,1,3253344
1745.148,1,3246716
1746.986,1,3242534
1748.823,1,3239436
1750.659,1,3236350
1752.496,1,3233625
1754.332,1,3230512
1756.167,1,3227251
1758.002,1,3223308
1759.836,1,3221610
1761.671,1,3220255
1763.504,1,3220183
1765.338,1,3215785
1767.171,1,3214108
1769.003,1,3210063
1770.835,1,3210213
1772.667,1,3209768
1774.498,1,3207046
1776.329,1,3206521
1778.159,1,3205431
1779.989,1,3198683
1781.818,1,3192423
1783.648,1,3195694
1785.476,1,3199640
1787.304,1,3196549
1789.132,1,3197370
1790.960,1,3196892
1792.787,1,3196730
1794.613,1,3196918
1796.440,1,3195762
1798.265,1,3197689
1800.091,1,3196269
1801.916,1,3195674
1803.740,1,3198736
1805.564,1,3198340
1807.388,1,3198862
1809.211,1,3200515
1811.034,1,3202902
1812.856,1,3203250
1814.678,1,3205143
1816.500,1,3206451
1818.321,1,3209057
1820.142,1,3208594
1821.962,1,3212235
1823.782,1,3214051
1825.602,1,3215202
1827.421,1,3218680
1829.239,1,3219164
1831.058,1,3219766
1832.875,1,3223648
1834.693,1,3226243
1836.510,1,3228402
1838.327,1,3228736
1840.143,1,3233352
1841.959,1,3234224
1843.774,1,3234897
1845.589,1,3240212
1847.403,1,3243264
1849.217,1,3243567
1851.031,1,3245344
1852.844,1,3246605
1854.657,1,3247851
1856.470,1,3249345
1858.282,1,3252125
1860.093,1,3251903
1861.905,1,3252442
1863.716,1,3259655
1865.526,1,3259514
1867.336,1,3262866
1869.146,1,3265975
1870.955,1,3266384
1872.763,1,3266326
1874.572,1,3269696
1876.380,1,3272014
1878.187,1,3277473
1879.994,1,3277671
1881.801,1,3279803
1883.607,1,3280933
1885.413,1,3284775
1887.219,1,3285757
1889.024,1,3287358
1890.828,1,3287238
1892.633,1,3291465
1894.436,1,3295074
1896.240,1,3295941
1898.043,1,3298687
1899.845,1,3301114
1901.648,1,3303401
1903.449,1,3306903
1905.251,1,3311572
1907.052,1,3311634
1908.852,1,3318153
1910.652,1,3318769
1912.452,1,3322175
1914.251,1,3322781
1916.050,1,3322409
1917.849,1,3324010
1919.647,1,3325782
1921.445,1,3327227
1923.242,1,3329392
1925.039,1,3331789
1926.835,1,3337237
1928.631,1,3339186
1930.427,1,3344541
1932.222,1,3349076
1934.017,1,3352213
1935.811,1,3352624
1937.605,1,3355169
1939.399,1,3354558
1941.192,1,3357463
1942.985,1,3360591
1944.777,1,3363438
1946.569,1,3365673
1948.361,1,3368191
1950.152,1,3372709
1951.943,1,3375127
1953.733,1,3377767
1955.523,1,3379662
1957.313,1,3382408
1959.102,1,3386926
1960.891,1,3389402
1962.679,1,3393622
1964.467,1,3394040
1966.254,1,3399791
1968.041,1,3399055
1969.828,1,3402667
1971.614,1,3406678
1973.400,1,3407281
1975.186,1,3412725
1976.971,1,3414989
1978.756,1,3418082
1980.540,1,3423182
1982.324,1,3427066
1984.107,1,3430281
1985.890,1,3432641
1987.673,1,3437258
1989.455,1,3437898
1991.237,1,3439768
1993.019,1,3443114
1994.800,1,3449057
1996.580,1,3448726
1998.361,1,3455383
2000.141,1,3457085
2001.920,1,3459771
2003.699,1,3462430
2005.478,1,3464558
2007.256,1,3478085
2009.034,1,3473343
2010.811,1,3476582
2012.588,1,3477805
2014.365,1,3480171
2016.141,1,3481779
2017.917,1,3485370
2019.692,1,3488560
2021.468,1,3487462
2023.242,1,3494804
2025.016,1,3492329
2026.790,1,3497957
2028.564,1,3499605
2030.337,1,3502646
2032.109,1,3506417
2033.882,1,3508919
2035.653,1,3512561
2037.425,1,3513381
2039.196,1,3517436
2040.967,1,3519715
2042.737,1,3522337
2044.507,1,3523270
2046.276,1,3526666
2048.045,1,3531262
2049.814,1,3529770
2051.582,1,3531590
2053.350,1,3535079
2055.117,1,3533596
2056.884,1,3537431
2058.651,1,3536489
2060.417,1,3541588
2062.183,1,3542027
2063.949,1,3544590
2065.714,1,3547356
2067.479,1,3550284
2069.243,1,3551980
2071.007,1,3549838
2072.770,1,3552373
2074.533,1,3554342
2076.296,1,3557456
2078.058,1,3559412
2079.820,1,3560737
2081.582,1,3563608
2083.343,1,3564200
2085.103,1,3568370
2086.864,1,3572839
2088.624,1,3575780
2090.383,1,3579106
2092.142,1,3579555
2093.901,1,3581255
2095.659,1,3584471
2097.417,1,3589184
2099.175,1,3589548
2100.932,1,3592413
2102.689,1,3588492
2104.445,1,3590272
2106.201,1,3592323
2107.957,1,3595645
2109.712,1,3598474
2111.467,1,3598235
2113.221,1,3602427
2114.975,1,3602958
2116.729,1,3607585
2118.482,1,3605628
2120.235,1,3604611
2121.987,1,3609665
2123.739,1,3612949
2125.491,1,3613098
2127.242,1,3612849
2128.993,1,3614425
2130.744,1,3613672
2132.494,1,3616426
2134.243,1,3619399
2135.993,1,3619594
2137.742,1,3619683
2139.490,1,3622395
2141.238,1,3621805
2142.986,1,3626842
2144.733,1,3625463
2146.480,1,3625752
2148.227,1,3628897
2149.973,1,3630023
2151.719,1,3631385
2153.464,1,3631802
2155.209,1,3634176
2156.954,1,3635575
2158.698,1,3639165
2160.442,1,3639702
2162.185,1,3640392
2163.928,1,3642893
2165.671,1,3642530
2167.413,1,3644452
2169.155,1,3646339
2170.896,1,3648902
2172.638,1,3651614
2174.378,1,3651164
2176.119,1,3652051
2177.859,1,3656628
2179.598,1,3656481
2181.337,1,3660107
2183.076,1,3662770
2184.814,1,3660993
2186.552,1,3664031
2188.290,1,3667890
2190.027,1,3669807
2191.764,1,3671792
2193.500,1,3671206
2195.236,1,3671782
2196.972,1,3673590
2198.707,1,3674161
2200.442,1,3676395
2202.177,1,3677973
2203.911,1,3677271
2205.645,1,3679198
2207.378,1,3679088
2209.111,1,3679190
2210.844,1,3682648
2212.576,1,3680685
2214.308,1,3682969
2216.039,1,2212124
2217.770,1,3673172
2219.501,1,3678667
2221.231,1,3679673
2222.961,1,3679298
2224.690,1,3679696
2226.419,1,3678097
2228.148,1,3681650
2229.876,1,3681640
2231.604,1,3685333
2233.332,1,3683511
2235.059,1,3683898
2236.786,1,3682721
2238.512,1,3683047
2240.238,1,3683762
2241.964,1,3686222
2243.689,1,3690155
2245.414,1,3690769
2247.138,1,3689865
2248.863,1,3688856
2250.586,1,3687473
2252.310,1,3687774
2254.033,1,3688520
2255.755,1,3685675
2257.477,1,3688228
2259.199,1,3688811
2260.921,1,3690581
2262.642,1,3687830
2264.362,1,3687890
2266.083,1,3688769
2267.802,1,3686636
2269.522,1,3690862
2271.241,1,3688387
2272.960,1,3692073
2274.678,1,3693343
2276.396,1,3691441
2278.114,1,3692346
2279.831,1,3693798
2281.548,1,3691124
2283.264,1,3693908
2284.980,1,3693291
2286.696,1,3694342
2288.411,1,3694817
2290.126,1,3694931
2291.841,1,3693949
2293.555,1,3695087
2295.269,1,3696508
2296.982,1,3696464
2298.695,1,3696280
2300.408,1,3696104
2302.120,1,3696463
2303.832,1,3694615
2305.544,1,3700474
2307.255,1,3698632
2308.966,1,3697985
2310.676,1,3700888
2312.386,1,3704463
2314.096,1,3701489
2315.805,1,3701715
2317.514,1,3702512
2319.222,1,3699999
2320.930,1,3705347
2322.638,1,3704466
2324.345,1,3703897
2326.052,1,3708425
2327.759,1,3708970
2329.465,1,3714481
2331.171,1,3711049
2332.877,1,3706441
2334.582,1,3709960
2336.286,1,3706397
2337.991,1,3707264
2339.695,1,3707250
2341.398,1,3706853
2343.101,1,3706211
2344.804,1,3706598
2346.507,1,3706476
2348.209,1,3710122
2349.910,1,3708734
2351.612,1,3705472
2353.313,1,3709275
2355.013,1,3710586
2356.714,1,3709045
2358.413,1,3710470
2360.113,1,3707538
2361.812,1,3708761
2363.511,1,3708917
2365.209,1,3711587
2366.907,1,3708402
2368.604,1,3708586
2370.302,1,3709100
2371.998,1,3705277
2373.695,1,3710047
2375.391,1,3704570
2377.087,1,3709075
2378.782,1,3708271
2380.477,1,3707567
2382.172,1,3709235
2383.866,1,3707649
2385.560,1,3707786
2387.253,1,3710299
2388.946,1,3709310
2390.639,1,3708776
2392.331,1,3709695
2394.023,1,3708768
2395.715,1,3708271
2397.406,1,3709938
2399.097,1,3706475
2400.787,1,3705785
2402.477,1,3709409
2404.167,1,3703885
2405.857,1,3703782
2407.545,1,3707596
2409.234,1,3705047
2410.922,1,3704130
2412.610,1,3704155
2414.298,1,3707060
2415.985,1,3703358
2417.672,1,3704352
2419.358,1,3706106
2421.044,1,3704779
2422.730,1,3701027
2424.415,1,3702504
2426.100,1,3703505
2427.784,1,3702171
2429.469,1,3700752
2431.152,1,3703709
2432.836,1,3698027
2434.519,1,3697165
2436.202,1,3697838
2437.884,1,3696094
2439.566,1,3696976
2441.247,1,3694415
2442.929,1,3695878
2444.609,1,3695899
2446.290,1,3696495
2447.970,1,3695780
2449.650,1,3697697
2451.329,1,3695970
2453.008,1,3697852
2454.687,1,3695709
2456.365,1,3695247
2458.043,1,3695091
2459.720,1,3696549
2461.398,1,3695301
2463.074,1,3695584
2464.751,1,3695114
2466.427,1,3694669
2468.103,1,3690239
2469.778,1,3689908
2471.453,1,3698840
2473.127,1,3695612
2474.802,1,3696182
2476.475,1,3700126
2478.149,1,3696654
2479.822,1,3698397
2481.495,1,3701924
2483.167,1,3700142
2484.839,1,3699975
2486.511,1,3703450
2488.182,1,3702520
2489.853,1,3704742
2491.524,1,3704857
2493.194,1,3707365
2494.864,1,3705950
2496.533,1,3707109
2498.202,1,3707186
2499.871,1,3706588
2501.539,1,3709648
2503.207,1,3708027
2504.875,1,3710695
2506.542,1,3713426
2508.209,1,3713284
2509.876,1,3713104
2511.542,1,3713774
2513.208,1,3717552
2514.873,1,3718175
2516.538,1,3720262
2518.203,1,3721660
2519.867,1,3722145
2521.531,1,3723395
2523.195,1,3724369
2524.858,1,3729464
2526.521,1,3726217
2528.183,1,3727854
2529.846,1,3727982
2531.507,1,3727021
2533.169,1,3727694
2534.830,1,3729263
2536.491,1,3730050
2538.151,1,3733249
2539.811,1,3734195
2541.471,1,3735961
2543.130,1,3737758
2544.789,1,3737947
2546.447,1,3736617
2548.106,1,3739785
2549.763,1,3739012
2551.421,1,3740886
2553.078,1,3739828
2554.735,1,3742651
2556.391,1,3743626
2558.047,1,3741347
2559.703,1,3740234
2561.358,1,3740596
2563.013,1,3740124
2564.667,1,3740399
2566.322,1,3737936
2567.976,1,3740649
2569.629,1,3738991
2571.282,1,3735673
2572.935,1,3742264
2574.587,1,3740568
2576.239,1,3736730
2577.891,1,3738941
2579.542,1,3738538
2581.193,1,3739357
2582.844,1,3739642
2584.494,1,3739579
2586.144,1,3740490
2587.794,1,3741563
2589.443,1,3740855
2591.092,1,3742792
2592.740,1,3742983
2594.388,1,3742524
2596.036,1,3741239
2597.683,1,3749167
2599.330,1,3748103
2600.977,1,3748100
2602.623,1,3747828
2604.269,1,3749799
2605.915,1,3751479
2607.560,1,3752850
2609.205,1,3753575
2610.850,1,3755675
2612.494,1,3758034
2614.138,1,3764791
2615.781,1,3766528
2617.424,1,3771346
2619.067,1,3771577
2620.709,1,3782765
2622.351,1,3784977
2623.993,1,3788454
2625.634,1,3797172
2627.275,1,3800259
2628.916,1,3807426
2630.556,1,3814137
2632.196,1,3821963
2633.836,1,3830711
2635.475,1,3837231
2637.114,1,3845595
2638.752,1,3852327
2640.390,1,3858505
2642.028,1,3869046
2643.665,1,3876083
2645.302,1,3884778
2646.939,1,3894770
2648.575,1,3901800
2650.211,1,3913943
2651.847,1,3922374
2653.482,1,3932274
2655.117,1,3945433
2656.752,1,3955066
2658.386,1,3964524
2660.020,1,3970861
2661.653,1,3984885
2663.286,1,3996561
2664.919,1,4007943
2666.552,1,4016621
2668.184,1,4028038
2669.816,1,4037776
2671.447,1,4048942
2673.078,1,4061970
2674.709,1,4071900
2676.339,1,4078363
2677.969,1,4091815
2679.599,1,4097839
2681.228,1,4110213
2682.857,1,4117087
2684.485,1,4126688
2686.113,1,4131214
2687.741,1,4143030
2689.369,1,4149102
2690.996,1,4157863
2692.623,1,4168385
2694.249,1,4173772
2695.875,1,4181181
2697.501,1,4190500
2699.127,1,4201264
2700.752,1,4202930
2702.376,1,4211972
2704.001,1,4220969
2705.625,1,4227879
2707.248,1,4238322
2708.872,1,4243496
2710.495,1,4255631
2712.117,1,4263744
2713.739,1,4273268
2715.361,1,4288560
2716.983,1,4300862
2718.604,1,4309752
2720.225,1,4317971
2721.845,1,4326271
2723.465,1,4334043
2725.085,1,4340270
2726.705,1,4348873
2728.324,1,4353501
2729.943,1,4356315
2731.561,1,4360866
2733.179,1,4368170
2734.797,1,4370415
2736.414,1,4371901
2738.031,1,4374336
2739.648,1,4377173
2741.264,1,4385550
2742.880,1,4388189
2744.496,1,4392498
2746.111,1,4399132
2747.726,1,4399028
2749.340,1,4408900
2750.955,1,4411981
2752.568,1,4419328
2754.182,1,4423305
2755.795,1,4427163
2757.408,1,4429729
2759.020,1,4435474
2760.633,1,4443886
2762.244,1,4449510
2763.856,1,4459875
2765.467,1,4470078
2767.078,1,4472389
2768.688,1,4476894
2770.298,1,4483249
2771.908,1,4486174
2773.517,1,4492992
2775.126,1,4500980
2776.735,1,4502105
2778.343,1,4510273
2779.951,1,4512624
2781.559,1,4517564
2783.166,1,4520703
2784.773,1,4523145
2786.380,1,4530073
2787.986,1,4531694
2789.592,1,4535104
2791.198,1,4539663
2792.803,1,4542665
2794.408,1,4550424
2796.012,1,4556747
2797.616,1,4559960
2799.220,1,4566320
2800.824,1,4574401
2802.427,1,4582786
2804.030,1,4592034
2805.632,1,4602193
2807.234,1,4611799
2808.836,1,4621463
2810.438,1,4632842
2812.039,1,4646338
2813.639,1,4657405
2815.240,1,4671353
2816.840,1,4681336
2818.440,1,4697813
2820.039,1,4713069
2821.638,1,4725343
2823.237,1,4741232
2824.835,1,4757294
2826.433,1,4772032
2828.031,1,4791710
2829.628,1,4804768
2831.225,1,4823880
2832.822,1,4843677
2834.418,1,4865517
2836.014,1,4888390
2837.610,1,4912781
2839.205,1,4943889
2840.800,1,4975415
2842.394,1,5005817
2843.989,1,5049206
2845.583,1,5087919
2847.176,1,5137767
2848.769,1,5191700
2850.362,1,5243832
2851.955,1,5304392
2853.547,1,5364578
2855.139,1,5437182
2856.730,1,5508349
2858.322,1,5599358
2859.912,1,5698950
2861.503,1,5818707
2863.093,1,5951054
2864.683,1,6095002
2866.272,1,6220807
2867.862,1,6324472
2869.450,1,6389669
2871.039,1,6430415
2872.627,1,6453328
2874.215,1,6459678
2875.802,1,6466872
2877.389,1,6469921
2878.976,1,6480228
2880.563,1,6496486
2882.149,1,6509895
2883.734,1,6544745
2885.320,1,6575661
2886.905,1,6608864
2888.490,1,6653092
2890.074,1,6702364
2891.658,1,6762439
2893.242,1,6827785
2894.825,1,6892348
2896.408,1,6968205
2897.991,1,7038028
2899.574,1,7117473
2901.156,1,7198136
2902.737,1,7289548
2904.319,1,7384735
2905.900,1,7481692
2907.480,1,7587489
2909.061,1,7705946
2910.641,1,7824448
2912.220,1,7960963
2913.800,1,8096437
2915.379,1,8233533
2916.958,1,8356045
2918.536,1,8474122
2920.114,1,8585223
2921.692,1,8682970
2923.269,1,8771001
2924.846,1,8833469
2926.423,1,8889017
2927.999,1,8920351
2929.575,1,8941910
2931.151,1,8957240
2932.726,1,8969047
2934.301,1,8957334
2935.875,1,8945293
2937.450,1,8909786
2939.024,1,8852837
2940.597,1,8784348
2942.171,1,8696836
2943.744,1,8610999
2945.316,1,8513726
2946.889,1,8420616
2948.461,1,8344346
2950.032,1,8281156
2951.604,1,8237701
2953.175,1,8199153
2954.745,1,8178489
2956.316,1,8160287
2957.886,1,8152739
2959.455,1,8143174
2961.024,1,8132920
2962.593,1,8122065
2964.162,1,8112119
2965.730,1,8099974
2967.298,1,8090676
2968.866,1,8077230
2970.433,1,8073456
2972.000,1,8067587
2973.567,1,8062582
2975.133,1,8057185
2976.699,1,8052138
2978.265,1,8046378
2979.830,1,8047360
2981.395,1,8047843
2982.960,1,8045520
2984.524,1,8035642
2986.088,1,8029067
2987.652,1,8016207
2989.215,1,8021885
2990.778,1,8014443
2992.341,1,8010035
2993.903,1,8004450
2995.465,1,8003691
2997.027,1,8013297
2998.588,1,8021722
3000.149,1,8032289
3001.710,1,8046248
3003.270,1,8055557
3004.830,1,8080277
3006.390,1,8100343
3007.949,1,8116698
3009.508,1,8147891
3011.067,1,8178513
3012.626,1,8218481
3014.184,1,8256649
3015.741,1,8290823
3017.299,1,8336429
3018.856,1,8383820
3020.412,1,8437675
3021.969,1,8489619
3023.525,1,8550785
3025.081,1,8612118
3026.636,1,8678949
3028.191,1,8746751
3029.746,1,8822924
3031.300,1,8893721
3032.854,1,8977098
3034.408,1,9053582
3035.962,1,9150042
3037.515,1,9235168
3039.068,1,9319529
3040.620,1,9407931
3042.172,1,9489375
3043.724,1,9582630
3045.275,1,9678673
3046.827,1,9779851
3048.377,1,9883460
3049.928,1,9996066
3051.478,1,10131243
3053.028,1,10242150
3054.577,1,10368369
3056.127,1,10481632
3057.675,1,10593897
3059.224,1,10699906
3060.772,1,10797490
3062.320,1,10891203
3063.868,1,10968222
3065.415,1,11045967
3066.962,1,11113150
3068.508,1,11180073
3070.054,1,11254035
3071.600,1,11314242
3073.146,1,11393762
3074.691,1,11470886
3076.236,1,11568008
3077.781,1,11676482
3079.325,1,11774333
3080.869,1,11880402
3082.413,1,11995192
3083.956,1,12120474
3085.499,1,12243467
3087.042,1,12366949
3088.584,1,12496385
3090.126,1,12625855
3091.668,1,12763142
3093.209,1,12894183
3094.750,1,13037719
3096.291,1,13191638
3097.831,1,13325541
3099.371,1,13473400
3100.911,1,13638187
3102.451,1,13792308
3103.990,1,13956866
3105.528,1,14109815
3107.067,1,14283743
3108.605,1,14446315
3110.143,1,14608671
3111.680,1,14777744
3113.217,1,14945079
3114.754,1,15118162
3116.291,1,15297391
3117.827,1,15477146
3119.363,1,15656130
3120.898,1,15841261
3122.434,1,16028116
3123.969,1,16206487
3125.503,1,16411201
3127.037,1,16564843
3128.571,1,16762519
3130.105,1,16951984
3131.638,1,17138678
3133.171,1,17341880
3134.704,1,17528374
3136.236,1,17725142
3137.768,1,17918285
3139.300,1,18113271
3140.831,1,18319708
3142.362,1,18522084
3143.893,1,18731183
3145.423,1,18935392
3146.954,1,19124222
3148.483,1,19345732
3150.013,1,19538869
3151.542,1,19753549
3153.071,1,19940818
3154.599,1,20161871
3156.127,1,20344797
3157.655,1,20545095
3159.183,1,20755257
3160.710,1,20930124
3162.237,1,21147495
3163.763,1,21327118
3165.290,1,21538383
3166.815,1,21726154
3168.341,1,21903969
3169.866,1,22109591
3171.391,1,22305321
3172.916,1,22491946
3174.440,1,22680585
3175.964,1,22864998
3177.488,1,23051717
3179.011,1,23235184
3180.534,1,23428176
3182.057,1,23573151
3183.579,1,23748838
3185.102,1,23896924
3186.623,1,24086800
3188.145,1,24244520
3189.666,1,24409315
3191.187,1,24568937
3192.707,1,24713331
3194.227,1,24863043
3195.747,1,25015927
3197.267,1,25184787
3198.786,1,25362495
3200.305,1,25490886
3201.824,1,25643909
3203.342,1,25773847
3204.860,1,25901408
3206.378,1,26026518
3207.895,1,26130334
3209.412,1,26253637
3210.929,1,26344004
3212.445,1,26443745
3213.961,1,26535893
3215.477,1,26622677
3216.992,1,26704100
3218.507,1,26766120
3220.022,1,26867582
3221.537,1,26941138
3223.051,1,27027147
3224.565,1,27103501
3226.078,1,27201176
3227.591,1,27295508
3229.104,1,27369939
3230.617,1,27469081
3232.129,1,27530222
3233.641,1,27614080
3235.153,1,27665362
3236.664,1,27703241
3238.175,1,27762132
3239.686,1,27794306
3241.196,1,27852012
3242.706,1,27890487
3244.216,1,27938372
3245.725,1,27979162
3247.235,1,28016976
3248.743,1,28026819
3250.252,1,28059043
3251.760,1,28098075
3253.268,1,28114183
3254.775,1,28167277
3256.283,1,28181331
3257.790,1,28229532
3259.296,1,28265079
3260.803,1,28287328
3262.309,1,28334780
3263.814,1,28361267
3265.320,1,28395020
3266.825,1,28460808
3268.329,1,28502228
3269.834,1,28531332
3271.338,1,28586955
3272.842,1,28621522
3274.345,1,28669617
3275.848,1,28688023
3277.351,1,28720532
3278.854,1,28696628
3280.356,1,28774516
3281.858,1,28826467
3283.359,1,28861300
3284.861,1,28894510
3286.362,1,28933292
3287.862,1,28975461
3289.363,1,28997219
3290.863,1,29049963
3292.363,1,29065267
3293.862,1,29106969
3295.361,1,29131439
3296.860,1,29159368
3298.358,1,29198352
3299.857,1,29215938
3301.355,1,29244974
3302.852,1,29287368
3304.349,1,29331099
3305.846,1,29354228
3307.343,1,29393852
3308.839,1,29425232
3310.335,1,29460113
3311.831,1,29492282
3313.326,1,29527528
3314.821,1,29568610
3316.316,1,29595208
3317.811,1,29645802
3319.305,1,29684990
3320.799,1,29729035
3322.292,1,29789164
3323.785,1,29800365
3325.278,1,29838132
3326.771,1,29845938
3328.263,1,29875948
3329.755,1,29916500
3331.247,1,29966327
3332.738,1,30009800
3334.229,1,30052948
3335.720,1,30099034
3337.211,1,30122294
3338.701,1,30205264
3340.191,1,30231035
3341.680,1,30257271
3343.169,1,30323435
3344.658,1,30393865
3346.147,1,30457952
3347.635,1,30500987
3349.123,1,30556324
3350.611,1,30595863
3352.098,1,30665604
3353.585,1,30703153
3355.072,1,30758634
3356.558,1,30824022
3358.044,1,30871834
3359.530,1,30941903
3361.016,1,30980645
3362.501,1,31049104
3363.986,1,31105971
3365.471,1,31139316
3366.955,1,31207167
3368.439,1,31252660
3369.923,1,31312324
3371.406,1,31362594
3372.889,1,31431171
3374.372,1,31479138
3375.854,1,31534641
3377.336,1,31542545
3378.818,1,31610422
3380.300,1,31603401
3381.781,1,31632173
3383.262,1,31665164
3384.743,1,31674146
3386.223,1,31696086
3387.703,1,31716045
3389.183,1,31695857
3390.662,1,31700941
3392.141,1,31715470
3393.620,1,31704914
3395.098,1,31703656
3396.577,1,31722340
3398.054,1,31725121
3399.532,1,31740186
3401.009,1,31737783
3402.486,1,31732022
3403.963,1,31755375
3405.439,1,31736971
3406.915,1,31597470
3408.391,1,31707158
3409.866,1,31711464
3411.342,1,31679954
3412.816,1,31642183
3414.291,1,31624830
3415.765,1,31592511
3417.239,1,31564241
3418.713,1,31524765
3420.186,1,31481472
3421.659,1,31431393
3423.132,1,31380681
3424.604,1,31308320
3426.076,1,31209558
3427.548,1,31129516
3429.020,1,31035162
3430.491,1,30961616
3431.962,1,30872603
3433.432,1,30789554
3434.903,1,30710787
3436.373,1,30634342
3437.842,1,30555659
3439.312,1,30468466
3440.781,1,30417997
3442.250,1,30327627
3443.718,1,30248250
3445.186,1,30153159
3446.654,1,30053569
3448.122,1,29943398
3449.589,1,29846051
3451.056,1,29760721
3452.523,1,29625230
