188.820,1,8232170
191.024,1,8117988
193.227,1,8067778
195.430,1,8033195
197.632,1,7992987
199.833,1,7953071
202.034,1,7914520
204.235,1,7871989
206.435,1,7828017
208.634,1,7792372
210.833,1,7739831
213.031,1,7692142
215.229,1,7637072
217.426,1,7587260
219.623,1,7529812
221.819,1,7470394
224.015,1,7413194
226.210,1,7355259
228.404,1,7297556
230.598,1,7229777
232.792,1,7166430
234.984,1,7098115
237.177,1,7032846
239.368,1,6981819
241.560,1,6928628
243.750,1,6878289
245.940,1,6831466
248.130,1,6800062
250.319,1,6767570
252.507,1,6729651
254.695,1,6696842
256.883,1,6669559
259.069,1,6641667
261.256,1,6618061
263.441,1,6605376
265.627,1,6592730
267.811,1,6564572
269.995,1,6548102
272.179,1,6528428
274.362,1,6506239
276.544,1,6479936
278.726,1,6451929
280.908,1,6427954
283.088,1,6401347
285.269,1,6366930
287.448,1,6335506
289.628,1,6306533
291.806,1,6279958
293.984,1,6238557
296.162,1,6204989
298.339,1,6168908
300.515,1,6133386
302.691,1,6104865
304.867,1,6066039
307.042,1,6035246
309.216,1,5998743
311.390,1,5967816
313.563,1,5936957
315.736,1,5922470
317.908,1,5903092
320.080,1,5886292
322.251,1,5867716
324.421,1,5864472
326.591,1,5859595
328.761,1,5846343
330.930,1,5840293
333.098,1,5830327
335.266,1,5825932
337.433,1,5825705
339.600,1,5826501
341.766,1,5832958
343.932,1,5831007
346.097,1,5839406
348.262,1,5847010
350.426,1,5858399
352.589,1,5860491
354.752,1,5872133
356.915,1,5879728
359.077,1,5889774
361.238,1,5903335
363.399,1,5908552
365.559,1,5917062
367.719,1,5925374
369.878,1,5938447
372.037,1,5954036
374.195,1,5964156
376.353,1,5975627
378.510,1,5981252
380.667,1,5988641
382.823,1,5997160
384.978,1,6001326
387.133,1,6006848
389.288,1,6010950
391.441,1,6020227
393.595,1,6028372
395.748,1,6036715
397.900,1,6050228
400.052,1,6061478
402.203,1,6081656
404.354,1,6097462
406.504,1,6109005
408.654,1,6127685
410.803,1,6138416
412.951,1,6149229
415.099,1,6157274
417.247,1,6171909
419.394,1,6179455
421.540,1,6190384
423.686,1,6203609
425.832,1,6215951
427.977,1,6224070
430.121,1,6237017
432.265,1,6246278
434.408,1,6251221
436.551,1,6263525
438.693,1,6264202
440.835,1,6268307
442.976,1,6275840
445.117,1,6278530
447.257,1,6279251
449.396,1,6282519
451.535,1,6282886
453.674,1,6295541
455.812,1,6298150
457.949,1,6302460
460.086,1,6311326
462.223,1,6311782
464.359,1,6312881
466.494,1,6321959
468.629,1,6323209
470.763,1,6329826
472.897,1,6332125
475.030,1,6330044
477.163,1,6337923
479.295,1,6337936
481.427,1,6345660
483.558,1,6345247
485.689,1,6352680
487.819,1,6356982
489.948,1,6361061
492.078,1,6365606
494.206,1,6371771
496.334,1,6373689
498.462,1,6389557
500.589,1,6393806
502.715,1,6411725
504.841,1,6420798
506.966,1,6436961
509.091,1,6450178
511.216,1,6463787
513.339,1,6470637
515.463,1,6478693
517.586,1,6479383
519.708,1,6477176
521.830,1,6478414
523.951,1,6471391
526.072,1,6474511
528.192,1,6477894
530.311,1,6483787
532.431,1,6487251
534.549,1,6493733
536.667,1,6501337
538.785,1,6507963
540.902,1,6516322
543.019,1,6521020
545.135,1,6530739
547.250,1,6534965
549.365,1,6545598
551.480,1,6553516
553.594,1,6562226
555.707,1,6570120
557.820,1,6580563
559.932,1,6588621
562.044,1,6597563
564.156,1,6608926
566.266,1,6620794
568.377,1,6632436
570.487,1,6653023
572.596,1,6663330
574.705,1,6675147
576.813,1,6686265
578.921,1,6693412
581.028,1,6701120
583.135,1,6709987
585.241,1,6715535
587.346,1,6718618
589.452,1,6722919
591.556,1,6719151
593.660,1,6714917
595.764,1,6716548
597.867,1,6718048
599.970,1,6714576
602.072,1,6721532
604.173,1,6722853
606.274,1,6724096
608.375,1,6727660
610.475,1,6724018
612.575,1,6732931
614.674,1,6727176
616.772,1,6735081
618.870,1,6726985
620.967,1,6734233
623.064,1,6740251
625.161,1,6755155
627.257,1,6771816
629.352,1,6776506
631.447,1,6762763
633.541,1,6751322
635.635,1,6755065
637.729,1,6761192
639.822,1,6779920
641.914,1,6786844
644.006,1,6805768
646.097,1,6838954
648.188,1,6869494
650.278,1,6887557
652.368,1,6894702
654.457,1,6898650
656.546,1,6905342
658.634,1,6915702
660.722,1,6935150
662.809,1,6951977
664.896,1,6967206
666.982,1,6991176
669.068,1,7009408
671.153,1,7027535
673.238,1,7043552
675.322,1,7060716
677.406,1,7072933
679.489,1,7081726
681.572,1,7093567
683.654,1,7104314
685.736,1,7115946
687.817,1,7130358
689.897,1,7137586
691.978,1,7152078
694.057,1,7161887
696.136,1,7162293
698.215,1,7168532
700.293,1,7163050
702.371,1,7152061
704.448,1,7195396
706.524,1,7207907
708.600,1,7212334
710.676,1,7215902
712.751,1,7225217
714.826,1,7227435
716.900,1,7239105
718.973,1,7239732
721.047,1,7245651
723.119,1,7250455
725.191,1,7258097
727.263,1,7261126
729.334,1,7270460
731.404,1,7272154
733.474,1,7276927
735.544,1,7281528
737.613,1,7288925
739.682,1,7294489
741.750,1,7298535
743.817,1,7306939
745.884,1,7308664
747.951,1,7317638
750.017,1,7324724
752.082,1,7331216
754.147,1,7342493
756.212,1,7339404
758.276,1,7334551
760.340,1,7337822
762.403,1,7336631
764.465,1,7345302
766.527,1,7347481
768.589,1,7345040
770.650,1,7340291
772.710,1,7338725
774.770,1,7338497
776.830,1,7342855
778.889,1,7343324
780.948,1,7344991
783.006,1,7353069
785.063,1,7356664
787.120,1,7361679
789.177,1,7377897
791.233,1,7380141
793.288,1,7388666
795.343,1,7394481
797.398,1,7407482
799.452,1,7411044
801.506,1,7419813
803.559,1,7430348
805.611,1,7444504
807.663,1,7456778
809.715,1,7463909
811.766,1,7478253
813.817,1,7488125
815.867,1,7493637
817.916,1,7503068
819.966,1,7516085
822.014,1,7535671
824.062,1,7558134
826.110,1,7574551
828.157,1,7595888
830.204,1,7614960
832.250,1,7634407
834.296,1,7638073
836.341,1,7634659
838.385,1,7634547
840.430,1,7627821
842.473,1,7631990
844.516,1,7643844
846.559,1,7657161
848.601,1,7663836
850.643,1,7689127
852.684,1,7727638
854.725,1,7762831
856.765,1,7774131
858.805,1,7773150
860.844,1,7758434
862.883,1,7726431
864.921,1,7694989
866.959,1,7719132
868.996,1,7721501
871.033,1,7732946
873.069,1,7737547
875.105,1,7751996
877.141,1,7768328
879.175,1,7785052
881.210,1,7801142
883.244,1,7810088
885.277,1,7818874
887.310,1,7822123
889.342,1,7813321
891.374,1,7808549
893.406,1,7808012
895.437,1,7815753
897.467,1,7831635
899.497,1,7845563
901.526,1,7868861
903.555,1,7879229
905.584,1,7885353
907.612,1,7885917
909.639,1,7884352
911.666,1,7889287
913.693,1,7895494
915.719,1,7894763
917.745,1,7901992
919.770,1,7910417
921.794,1,7933704
923.818,1,7953036
925.842,1,7977593
927.865,1,8002351
929.888,1,8027263
931.910,1,8060638
933.932,1,8091237
935.953,1,8120083
937.973,1,8144823
939.994,1,8169863
942.013,1,8196882
944.033,1,8217861
946.051,1,8239189
948.070,1,8244845
950.088,1,8247876
952.105,1,8244091
954.122,1,8240309
956.138,1,8242144
958.154,1,8249979
960.169,1,8260971
962.184,1,8277104
964.199,1,8292542
966.213,1,8302002
968.226,1,8304477
970.239,1,8304028
972.252,1,8310311
974.264,1,8309525
976.275,1,8313900
978.286,1,8316607
980.297,1,8332375
982.307,1,8348159
984.316,1,8378327
986.326,1,8405453
988.334,1,8445939
990.342,1,8479158
992.350,1,8522324
994.357,1,8545708
996.364,1,8542113
998.370,1,8519790
1000.376,1,8491636
1002.381,1,8487387
1004.386,1,8556117
1006.390,1,8710998
1008.394,1,8790345
1010.398,1,8693713
1012.401,1,8508368
1014.403,1,8432331
1016.405,1,8400104
1018.406,1,8398498
1020.407,1,8394135
1022.408,1,8399458
1024.408,1,8404720
1026.408,1,8418074
1028.407,1,8429413
1030.405,1,8452098
1032.403,1,8490672
1034.401,1,8525702
1036.398,1,8554256
1038.395,1,8559383
1040.391,1,8544070
1042.387,1,8546724
1044.382,1,8554961
1046.377,1,8564575
1048.371,1,8590119
1050.365,1,8606939
1052.358,1,8622325
1054.351,1,8644512
1056.344,1,8658727
1058.336,1,8670045
1060.327,1,8688365
1062.318,1,8698825
1064.309,1,8716281
1066.299,1,8729925
1068.288,1,8742017
1070.277,1,8755728
1072.266,1,8772253
1074.254,1,8790924
1076.242,1,8813095
1078.229,1,8840847
1080.216,1,8863739
1082.202,1,8882553
1084.188,1,8899715
1086.173,1,8909531
1088.158,1,8906636
1090.142,1,8904519
1092.126,1,8891958
1094.110,1,8896548
1096.093,1,8900711
1098.075,1,8906825
1100.057,1,8905216
1102.039,1,8924508
1104.020,1,8940073
1106.000,1,8953379
1107.980,1,8959078
1109.960,1,8963072
1111.939,1,8963512
1113.918,1,8959813
1115.896,1,8972402
1117.874,1,8971039
1119.851,1,8978428
1121.828,1,8986334
1123.805,1,9001450
1125.781,1,9020389
1127.756,1,9034983
1129.731,1,9059784
1131.705,1,9072089
1133.679,1,9064618
1135.653,1,9048483
1137.626,1,9025110
1139.599,1,9008576
1141.571,1,8999040
1143.543,1,8998084
1145.514,1,8996981
1147.485,1,9006087
1149.455,1,9014287
1151.425,1,9034772
1153.394,1,9054471
1155.363,1,9081303
1157.331,1,9106067
1159.299,1,9130987
1161.267,1,9143958
1163.234,1,9136104
1165.201,1,9126243
1167.167,1,9117435
1169.132,1,9109632
1171.097,1,9123280
1173.062,1,9127100
1175.026,1,9150279
1176.990,1,9169263
1178.954,1,9177354
1180.916,1,9181399
1182.879,1,9176592
1184.841,1,9182408
1186.802,1,9168416
1188.763,1,9168917
1190.724,1,9173463
1192.684,1,9171596
1194.643,1,9174784
1196.602,1,9178306
1198.561,1,9191338
1200.519,1,9207173
1202.477,1,9230211
1204.434,1,9258635
1206.391,1,9299946
1208.348,1,9321669
1210.304,1,9343201
1212.259,1,9353023
1214.214,1,9355463
1216.169,1,9350418
1218.123,1,9330868
1220.076,1,9320552
1222.029,1,9316595
1223.982,1,9318295
1225.934,1,9328518
1227.886,1,9337163
1229.837,1,9346956
1231.788,1,9364092
1233.739,1,9380211
1235.688,1,9399038
1237.638,1,9418459
1239.587,1,9441809
1241.535,1,9457271
1243.484,1,9481550
1245.431,1,9501615
1247.378,1,9516835
1249.325,1,9529024
1251.271,1,9534177
1253.217,1,9549526
1255.162,1,9564557
1257.107,1,9567181
1259.052,1,9579405
1260.996,1,9585787
1262.939,1,9599507
1264.882,1,9608396
1266.825,1,9627877
1268.767,1,9636941
1270.709,1,9656392
1272.650,1,9669796
1274.591,1,9678671
1276.531,1,9690490
1278.471,1,9695197
1280.410,1,9705900
1282.349,1,9716109
1284.288,1,9729884
1286.226,1,9745710
1288.163,1,9753566
1290.100,1,9771734
1292.037,1,9781093
1293.973,1,9795793
1295.909,1,9808865
1297.844,1,9828279
1299.779,1,9842940
1301.714,1,9862890
1303.647,1,9882558
1305.581,1,9898224
1307.514,1,9921112
1309.447,1,9939368
1311.379,1,9957436
1313.310,1,9973832
1315.242,1,9984761
1317.172,1,10005541
1319.103,1,10016362
1321.032,1,10031876
1322.962,1,10038810
1324.891,1,10045820
1326.819,1,10045001
1328.747,1,10051515
1330.675,1,10059576
1332.602,1,10065745
1334.529,1,10073558
1336.455,1,10088825
1338.381,1,10102360
1340.306,1,10117980
1342.231,1,10126618
1344.156,1,10123725
1346.080,1,10132604
1348.003,1,5184512
1349.926,1,10069609
1351.849,1,10058899
1353.771,1,10021295
1355.693,1,10005449
1357.614,1,9992422
1359.535,1,9975417
1361.455,1,9964719
1363.375,1,9949192
1365.295,1,9954590
1367.214,1,9948992
1369.132,1,9953578
1371.051,1,9950536
1372.968,1,9950926
1374.885,1,9944703
1376.802,1,9952975
1378.719,1,9954416
1380.635,1,9960295
1382.550,1,9967049
1384.465,1,9975492
1386.380,1,9993534
1388.294,1,10007951
1390.207,1,10028033
1392.121,1,10041665
1394.033,1,10064460
1395.946,1,10073834
1397.858,1,10093331
1399.769,1,10107644
1401.680,1,10121075
1403.591,1,10137134
1405.501,1,10153874
1407.410,1,10170993
1409.320,1,10169793
1411.228,1,10179914
1413.137,1,10191464
1415.045,1,10200134
1416.952,1,10201611
1418.859,1,10222017
1420.766,1,10225943
1422.672,1,10235091
1424.577,1,10245318
1426.483,1,10247729
1428.387,1,10249407
1430.292,1,10250977
1432.196,1,10256581
1434.099,1,10279525
1436.002,1,10300032
1437.905,1,10338640
1439.807,1,10381733
1441.708,1,10420595
1443.610,1,10463652
1445.510,1,10498107
1447.411,1,10535732
1449.311,1,10567993
1451.210,1,10588955
1453.109,1,10598218
1455.008,1,10584565
1456.906,1,10570450
1458.803,1,10552720
1460.701,1,10543949
1462.597,1,10537303
1464.494,1,10536192
1466.390,1,10526489
1468.285,1,10503644
1470.180,1,10481750
1472.075,1,10452630
1473.969,1,10436553
1475.863,1,10416805
1477.756,1,10387976
1479.649,1,10377528
1481.541,1,10362786
1483.433,1,10352783
1485.325,1,10345988
1487.216,1,10341043
1489.107,1,10340506
1490.997,1,10348498
1492.887,1,10347609
1494.776,1,10355833
1496.665,1,10363812
1498.553,1,10351345
1500.441,1,10368183
1502.329,1,10380074
1504.216,1,10383965
1506.103,1,10387491
1507.989,1,10394650
1509.875,1,10397660
1511.760,1,10416365
1513.645,1,10420590
1515.530,1,10434872
1517.414,1,10451036
1519.297,1,10458526
1521.181,1,10463537
1523.063,1,10472282
1524.946,1,10460584
1526.828,1,10470711
1528.709,1,10469052
1530.590,1,10467279
1532.471,1,10461454
1534.351,1,10462687
1536.231,1,10472692
1538.110,1,10470631
1539.989,1,10475677
1541.867,1,10477848
1543.745,1,10490001
1545.623,1,10498632
1547.500,1,10505223
1549.377,1,10522644
1551.253,1,10524445
1553.129,1,10528096
1555.004,1,10539048
1556.879,1,10525640
1558.754,1,10532796
1560.628,1,10535011
1562.501,1,10537948
1564.374,1,10534895
1566.247,1,10541867
1568.120,1,10557658
1569.992,1,10558618
1571.863,1,10567831
1573.734,1,10575627
1575.605,1,10577793
1577.475,1,10586295
1579.345,1,10595526
1581.214,1,10604982
1583.083,1,10611095
1584.951,1,10626099
1586.819,1,10650216
1588.687,1,10661559
1590.554,1,10660270
1592.421,1,10663583
1594.287,1,10670383
1596.153,1,10690390
1598.019,1,10708874
1599.884,1,10726172
1601.748,1,10749142
1603.612,1,10776762
1605.476,1,10816958
1607.339,1,10846981
1609.202,1,10853340
1611.065,1,10851578
1612.927,1,10861959
1614.788,1,10874222
1616.650,1,10898266
1618.510,1,10917990
1620.371,1,10921334
1622.230,1,10927985
1624.090,1,10933465
1625.949,1,10937851
1627.808,1,10932723
1629.666,1,10963381
1631.523,1,11009457
1633.381,1,11028152
1635.238,1,11053432
1637.094,1,11074953
1638.950,1,11099230
1640.806,1,11124099
1642.661,1,11154698
1644.516,1,11185820
1646.370,1,11224265
1648.224,1,11247430
1650.077,1,11285841
1651.930,1,11310220
1653.783,1,11327483
1655.635,1,11331866
1657.487,1,11313569
1659.338,1,11301893
1661.189,1,11266000
1663.040,1,11229250
1664.890,1,11194505
1666.739,1,11151985
1668.589,1,11111586
1670.437,1,11092861
1672.286,1,11059183
1674.134,1,11032192
1675.981,1,11005779
1677.828,1,10986769
1679.675,1,10971141
1681.521,1,10950370
1683.367,1,10927900
1685.213,1,10909752
1687.058,1,10896012
1688.902,1,10869443
1690.746,1,10852366
1692.590,1,10831119
1694.433,1,10812726
1696.276,1,10799386
1698.119,1,10780572
1699.961,1,10768258
1701.802,1,10763064
1703.643,1,10756449
1705.484,1,10738462
1707.324,1,10734335
1709.164,1,10735352
1711.004,1,10727820
1712.843,1,10722872
1714.682,1,10714215
1716.520,1,10710770
1718.358,1,10708187
1720.195,1,10708003
1722.032,1,10701263
1723.869,1,10700965
1725.705,1,10697235
1727.540,1,10696959
1729.376,1,10692016
1731.211,1,10688494
1733.045,1,10684474
1734.879,1,10687763
1736.713,1,10677879
1738.546,1,10680676
1740.379,1,10671439
1742.211,1,10662726
1744.043,1,10667902
1745.874,1,10668907
1747.706,1,10655470
1749.536,1,10659924
1751.367,1,10662657
1753.196,1,10654012
1755.026,1,10650362
1756.855,1,10651676
1758.683,1,10644723
1760.512,1,10638958
1762.339,1,10638904
1764.167,1,10634278
1765.994,1,10624982
1767.820,1,10623565
1769.646,1,10613212
1771.472,1,10618292
1773.297,1,10616321
1775.122,1,10614187
1776.946,1,10614893
1778.770,1,10613164
1780.594,1,10615496
1782.417,1,10619054
1784.240,1,10620305
1786.062,1,10623773
1787.884,1,10631383
1789.706,1,10640841
1791.527,1,10646259
1793.348,1,10667395
1795.168,1,10671982
1796.988,1,10692536
1798.807,1,10706719
1800.626,1,10729165
1802.445,1,10745733
1804.263,1,10767999
1806.081,1,10789304
1807.898,1,10807949
1809.715,1,10842003
1811.532,1,10869435
1813.348,1,10903786
1815.164,1,10935519
1816.979,1,10966854
1818.794,1,10991248
1820.608,1,11025495
1822.422,1,11059073
1824.236,1,11091251
1826.049,1,11126546
1827.862,1,11165470
1829.674,1,11201872
1831.486,1,11232103
1833.298,1,11266371
1835.109,1,11300711
1836.920,1,11335612
1838.730,1,11369487
1840.540,1,11393264
1842.350,1,11436285
1844.159,1,11468696
1845.968,1,11502388
1847.776,1,11525045
1849.584,1,11549841
1851.391,1,11583698
1853.198,1,11612683
1855.005,1,11646370
1856.811,1,11665081
1858.617,1,11694596
1860.423,1,11721655
1862.228,1,11745748
1864.032,1,11775236
1865.837,1,11796448
1867.640,1,11815561
1869.444,1,11840680
1871.247,1,11863325
1873.049,1,11882731
1874.852,1,11905052
1876.653,1,11931203
1878.455,1,11945693
1880.256,1,11971451
1882.056,1,11996997
1883.856,1,12002852
1885.656,1,12018644
1887.455,1,12039707
1889.254,1,12063004
1891.053,1,12073157
1892.851,1,12094245
1894.648,1,12109406
1896.446,1,12127415
1898.243,1,12142435
1900.039,1,12159626
1901.835,1,12174774
1903.631,1,12189146
1905.426,1,12203690
1907.221,1,12209279
1909.015,1,12225287
1910.809,1,12237202
1912.603,1,12252296
1914.396,1,12267225
1916.189,1,12275379
1917.981,1,12277334
1919.773,1,12297013
1921.565,1,12302869
1923.356,1,12310095
1925.147,1,12318234
1926.937,1,12326884
1928.727,1,12337596
1930.517,1,12340566
1932.306,1,12351947
1934.095,1,12359562
1935.883,1,12367700
1937.671,1,12377398
1939.459,1,12384270
1941.246,1,12398986
1943.033,1,12410304
1944.819,1,12415607
1946.605,1,12422579
1948.390,1,12425205
1950.176,1,12433737
1951.960,1,12440810
1953.745,1,12437830
1955.529,1,12457111
1957.312,1,12462520
1959.095,1,12464799
1960.878,1,12474524
1962.660,1,12485416
1964.442,1,12484595
1966.224,1,12495987
1968.005,1,12502241
1969.785,1,12513360
1971.566,1,12520193
1973.346,1,12533133
1975.125,1,12533948
1976.904,1,12540932
1978.683,1,12544092
1980.461,1,12564419
1982.239,1,12564836
1984.017,1,12572039
1985.794,1,12580852
1987.571,1,12583825
1989.347,1,12590565
1991.123,1,12599652
1992.898,1,12601745
1994.673,1,12606140
1996.448,1,12618099
1998.222,1,12622588
1999.996,1,12629983
2001.770,1,12639943
2003.543,1,12649778
2005.316,1,12660234
2007.088,1,12672453
2008.860,1,12678140
2010.631,1,12687368
2012.403,1,12693794
2014.173,1,12700245
2015.944,1,12719456
2017.714,1,12731846
2019.483,1,12733245
2021.252,1,12746187
2023.021,1,12756926
2024.789,1,12760974
2026.557,1,12781816
2028.325,1,12780207
2030.092,1,12788802
2031.859,1,12799734
2033.625,1,12809024
2035.391,1,12820256
2037.157,1,12831974
2038.922,1,12836926
2040.687,1,12850085
2042.451,1,12855581
2044.215,1,12859205
2045.978,1,12862869
2047.742,1,12877621
2049.504,1,12882382
2051.267,1,12898921
2053.029,1,12907976
2054.790,1,12901064
2056.552,1,12919373
2058.313,1,12918089
2060.073,1,12929588
2061.833,1,12932965
2063.593,1,12942546
2065.352,1,12958203
2067.111,1,12966429
2068.869,1,12967289
2070.627,1,12983071
2072.385,1,12983414
2074.142,1,12998626
2075.899,1,13003083
2077.656,1,13010897
2079.412,1,13025551
2081.167,1,13023954
2082.923,1,13035795
2084.678,1,13049227
2086.432,1,13048227
2088.186,1,13062145
2089.940,1,13081104
2091.693,1,13078509
2093.446,1,13101120
2095.199,1,13102721
2096.951,1,13108047
2098.703,1,13115888
2100.454,1,13127487
2102.205,1,13139818
2103.956,1,13145489
2105.706,1,13155774
2107.456,1,13170462
2109.205,1,13166166
2110.954,1,13184149
2112.703,1,13181698
2114.451,1,13178377
2116.199,1,13201279
2117.947,1,13200284
2119.694,1,13206192
2121.440,1,13227785
2123.187,1,13230637
2124.933,1,13220478
2126.678,1,13226845
2128.423,1,13223339
2130.168,1,13235422
2131.912,1,13246740
2133.656,1,13253278
2135.400,1,13255187
2137.143,1,13257483
2138.886,1,13259211
2140.629,1,13270398
2142.371,1,13285009
2144.112,1,13285465
2145.853,1,13294120
2147.594,1,13293372
2149.335,1,13291745
2151.075,1,13305321
2152.815,1,13317564
2154.554,1,13325154
2156.293,1,13326414
2158.031,1,13331191
2159.770,1,13338695
2161.507,1,13347996
2163.245,1,13355151
2164.982,1,13361196
2166.718,1,13372159
2168.455,1,13367347
2170.190,1,13371991
2171.926,1,13382478
2173.661,1,13393668
2175.396,1,13395015
2177.130,1,13405092
2178.864,1,13402909
2180.597,1,13410317
2182.331,1,13405837
2184.063,1,13410392
2185.796,1,13425524
2187.528,1,13428080
2189.259,1,13429137
2190.990,1,13439069
2192.721,1,13440431
2194.452,1,13443263
2196.182,1,13448871
2197.911,1,13456185
2199.641,1,13452018
2201.370,1,13458369
2203.098,1,13456195
2204.826,1,13475722
2206.554,1,13475088
2208.281,1,13468693
2210.008,1,13475346
2211.735,1,13473329
2213.461,1,13476166
2215.187,1,13482434
2216.913,1,13487493
2218.638,1,13491256
2220.362,1,13486080
2222.087,1,13492769
2223.811,1,13489933
2225.534,1,13480867
2227.257,1,13479529
2228.980,1,13478968
2230.703,1,13484382
2232.425,1,13479591
2234.146,1,13472718
2235.867,1,13467396
2237.588,1,13467378
2239.309,1,13471781
2241.029,1,13461818
2242.749,1,13460833
2244.468,1,13454950
2246.187,1,13441856
2247.906,1,13437891
2249.624,1,13444686
2251.342,1,13430818
2253.059,1,13433342
2254.776,1,13423750
2256.493,1,13420353
2258.209,1,13415833
2259.925,1,13402271
2261.641,1,13400156
2263.356,1,13404754
2265.071,1,13401167
2266.785,1,13401971
2268.499,1,13397891
2270.213,1,13392588
2271.926,1,13384216
2273.639,1,13385750
2275.351,1,13381543
2277.064,1,13375626
2278.775,1,13379496
2280.487,1,13373538
2282.198,1,13375120
2283.908,1,13372780
2285.619,1,13364441
2287.328,1,13374221
2289.038,1,13368784
2290.747,1,13370956
2292.456,1,13378212
2294.164,1,13384133
2295.872,1,13376413
2297.580,1,13379322
2299.287,1,13379573
2300.994,1,13384134
2302.700,1,13388080
2304.406,1,13390253
2306.112,1,13392580
2307.818,1,13394142
2309.523,1,13409648
2311.227,1,13406357
2312.931,1,13420029
2314.635,1,13421525
2316.339,1,13423234
2318.042,1,13431794
2319.745,1,13426051
2321.447,1,13439247
2323.149,1,13449614
2324.850,1,13448410
2326.552,1,13442783
2328.253,1,13464571
2329.953,1,13468954
2331.653,1,13473185
2333.353,1,13486540
2335.052,1,13481579
2336.751,1,13502929
2338.450,1,13497537
2340.148,1,13512365
2341.846,1,13518589
2343.543,1,13527298
2345.240,1,13538831
2346.937,1,13546290
2348.634,1,13552409
2350.330,1,13559585
2352.025,1,13568272
2353.720,1,13571483
2355.415,1,13589556
2357.110,1,13586685
2358.804,1,13601572
2360.498,1,13610845
2362.191,1,13624324
2363.884,1,13630783
2365.577,1,13647497
2367.269,1,13660530
2368.961,1,13664290
2370.652,1,13672248
2372.343,1,13683131
2374.034,1,13699629
2375.725,1,13707832
2377.415,1,13714463
2379.104,1,13717165
2380.794,1,13743440
2382.483,1,13740684
2384.171,1,13758765
2385.859,1,13757833
2387.547,1,13771738
2389.235,1,13778304
2390.922,1,13785995
2392.608,1,13796709
2394.295,1,13804704
2395.981,1,13812610
2397.666,1,13814699
2399.351,1,13834436
2401.036,1,13835646
2402.721,1,13836918
2404.405,1,13854353
2406.089,1,13862640
2407.772,1,13867534
2409.455,1,13878558
2411.138,1,13879704
2412.820,1,13886931
2414.502,1,13890515
2416.183,1,13905610
2417.865,1,13912099
2419.545,1,13917163
2421.226,1,13922971
2422.906,1,13940581
2424.586,1,13940009
2426.265,1,13953008
2427.944,1,13956412
2429.622,1,13960212
2431.301,1,13969539
2432.979,1,13975718
2434.656,1,13986001
2436.333,1,14009833
2438.010,1,14003808
2439.686,1,14010439
2441.362,1,14026370
2443.038,1,14018775
2444.713,1,14030009
2446.388,1,14035066
2448.063,1,14038591
2449.737,1,14041710
2451.411,1,14045369
2453.084,1,14050488
2454.757,1,14052927
2456.430,1,14057588
2458.102,1,14052994
2459.774,1,14065229
2461.446,1,14078906
2463.117,1,14077371
2464.788,1,14085607
2466.459,1,14102021
2468.129,1,14106821
2469.799,1,14116064
2471.468,1,14121027
2473.137,1,14129499
2474.806,1,14131098
2476.474,1,14139220
2478.142,1,14138562
2479.810,1,14141633
2481.477,1,14151377
2483.144,1,14153127
2484.811,1,14162734
2486.477,1,14168997
2488.143,1,14174927
2489.808,1,14184299
2491.473,1,14179935
2493.138,1,14187055
2494.802,1,14198251
2496.466,1,14207171
2498.130,1,14217491
2499.793,1,14224319
2501.456,1,14244030
2503.119,1,14243494
2504.781,1,14253436
2506.443,1,14249450
2508.104,1,14268031
2509.765,1,14274126
2511.426,1,14282481
2513.086,1,14285149
2514.746,1,14283285
2516.406,1,14294332
2518.065,1,14297739
2519.724,1,14307461
2521.383,1,14303596
2523.041,1,14319805
2524.699,1,14291884
2526.356,1,14329084
2528.014,1,14341396
2529.670,1,14342162
2531.327,1,14350049
2532.983,1,14351338
2534.638,1,14356695
2536.294,1,14354506
2537.949,1,14363894
2539.603,1,14373086
2541.258,1,14389249
2542.912,1,14393227
2544.565,1,14404697
2546.218,1,14407484
2547.871,1,14413032
2549.523,1,14426976
2551.176,1,14432416
2552.827,1,14441816
2554.479,1,14439077
2556.130,1,14449947
2557.780,1,14459429
2559.431,1,14460379
2561.081,1,14463804
2562.730,1,14479217
2564.379,1,14480313
2566.028,1,14488070
2567.677,1,14501745
2569.325,1,14499840
2570.973,1,14508992
2572.620,1,14517303
2574.267,1,14522721
2575.914,1,14526611
2577.560,1,14530759
2579.206,1,14533720
2580.852,1,14546581
2582.497,1,14559397
2584.142,1,14566535
2585.787,1,14568546
2587.431,1,14579553
2589.075,1,14586486
2590.719,1,14597248
2592.362,1,14600023
2594.005,1,14591499
2595.647,1,14603045
2597.289,1,14629211
2598.931,1,14641106
2600.572,1,14653684
2602.213,1,14658542
2603.854,1,14669197
2605.494,1,14676121
2607.134,1,14683837
2608.774,1,14689910
2610.413,1,14701363
2612.052,1,14712168
2613.691,1,14722502
2615.329,1,14729019
2616.967,1,14733483
2618.604,1,14751753
2620.241,1,14759152
2621.878,1,14766473
2623.514,1,14766257
2625.151,1,14761936
2626.786,1,14766907
2628.422,1,14771119
2630.057,1,14770143
2631.691,1,14777573
2633.326,1,14774750
2634.960,1,14798381
2636.593,1,14789870
2638.226,1,14811386
2639.859,1,14799827
2641.492,1,14818884
2643.124,1,14821376
2644.756,1,14836115
2646.387,1,14847144
2648.018,1,14848119
2649.649,1,14856031
2651.280,1,14861758
2652.910,1,14871258
2654.540,1,14879750
2656.169,1,14883013
2657.798,1,14894548
2659.427,1,14896580
2661.055,1,14898011
2662.683,1,14914991
2664.311,1,14901213
2665.938,1,14840961
2667.565,1,14912797
2669.191,1,14921384
2670.818,1,14930225
2672.443,1,14935733
2674.069,1,14942257
2675.694,1,14956636
2677.319,1,14960058
2678.943,1,14970685
2680.567,1,14973082
2682.191,1,14974939
2683.815,1,14986381
2685.438,1,14989052
2687.060,1,14998988
2688.683,1,15016260
2690.305,1,15016579
2691.927,1,15022686
2693.548,1,15033890
2695.169,1,15019917
2696.789,1,15029748
2698.410,1,15039372
2700.030,1,15045849
2701.649,1,15050869
2703.269,1,15066298
2704.887,1,15077051
2706.506,1,15081709
2708.124,1,15088298
2709.742,1,15096253
2711.359,1,15112054
2712.977,1,15125020
2714.593,1,15148481
2716.210,1,15147407
