273.176,1,361728.6
281.745,1,347151.4
290.306,1,334430.5
298.860,1,322647.3
307.406,1,312881.6
315.943,1,304698.4
324.473,1,298430.9
332.995,1,294654.3
341.510,1,292454.1
350.016,1,291281.5
358.514,1,291371.5
367.005,1,292074.9
375.488,1,291962.4
383.963,1,291563.4
392.430,1,291595.1
400.889,1,292230.5
409.341,1,292559.3
417.785,1,292797.1
426.221,1,292450.6
434.650,1,291591
443.070,1,291734.7
451.483,1,290735.3
459.888,1,289952.9
468.286,1,289966
476.676,1,288961
485.058,1,288233.4
493.432,1,288868
501.799,1,289049.7
510.158,1,291827.3
518.510,1,295132
526.854,1,293567.7
535.190,1,289465.6
543.519,1,285986.2
551.840,1,282615.1
560.154,1,280025.9
568.459,1,278339.5
576.758,1,277989.9
585.049,1,277194.2
593.332,1,275807.6
601.608,1,275074.8
609.876,1,274527.3
618.137,1,273407.9
626.390,1,272658.8
634.636,1,271523.8
642.874,1,271839.3
651.105,1,272743
659.328,1,273917.3
667.544,1,275021.2
675.752,1,275592.3
683.953,1,274878.5
692.147,1,274013.8
700.333,1,271160.5
708.511,1,269546.6
716.683,1,268425.2
724.847,1,266937.9
733.003,1,266262.5
741.153,1,265247
749.294,1,264107.6
757.429,1,263834.6
765.556,1,262597.4
773.676,1,262258.7
781.789,1,261736.1
789.894,1,261521.6
797.992,1,260071.3
806.083,1,259012.8
814.166,1,258983.8
822.242,1,258933.1
830.311,1,257852.5
838.373,1,256517.2
846.427,1,255787.8
854.474,1,256268.3
862.514,1,259653.8
870.547,1,266232.3
878.573,1,279598.1
886.591,1,281131.5
894.602,1,266598.5
902.606,1,257426.3
910.603,1,255379.7
918.593,1,257584.5
926.576,1,256822.1
934.551,1,250670.2
942.520,1,247727.7
950.481,1,246491
958.435,1,245419.8
966.382,1,244623.7
974.322,1,243733
982.255,1,242928.6
990.181,1,243231.7
998.100,1,243460
1006.012,1,243015.8
1013.916,1,242688.7
1021.814,1,243264.9
1029.705,1,245260
1037.588,1,245808.1
1045.465,1,244856
1053.335,1,244285.6
1061.198,1,245932.8
1069.053,1,253088.1
1076.902,1,265919.1
1084.744,1,268222.6
1092.579,1,253668.6
1100.407,1,243472.5
1108.228,1,239357.7
1116.042,1,238042.1
1123.850,1,237527.6
1131.650,1,237471.2
1139.443,1,236878.6
1147.230,1,236724.6
1155.010,1,237365.3
1162.783,1,237075.7
1170.549,1,236968
1178.308,1,237674.7
1186.060,1,238564.2
1193.806,1,238386.5
1201.545,1,237727.3
1209.276,1,237961.7
1217.002,1,238272.5
1224.720,1,239621.5
1232.432,1,241996.5
1240.136,1,244301.2
1247.834,1,246412.7
1255.526,1,247629.1
1263.210,1,248519.2
1270.888,1,248454.2
1278.559,1,248474.3
1286.224,1,248008.2
1293.881,1,246691.8
1301.532,1,247342
1309.177,1,248574.4
1316.814,1,249538.7
1324.445,1,248966.4
1332.069,1,246498.3
1339.687,1,245312.6
1347.298,1,238242
1354.902,1,245456.9
1362.500,1,246335.6
1370.091,1,244148.5
1377.676,1,242780.7
1385.254,1,245277.5
1392.825,1,250544.1
1400.390,1,253273.9
1407.948,1,254731
1415.499,1,256328.8
1423.044,1,255093.9
1430.583,1,252466
1438.115,1,246022.6
1445.640,1,242646
1453.159,1,239783.4
1460.672,1,237372.2
1468.177,1,235079.2
1475.677,1,234480.6
1483.170,1,234387.7
1490.656,1,234562
1498.136,1,235048.9
1505.609,1,235854.4
1513.076,1,236541.2
1520.537,1,237741.3
1527.991,1,239537.3
1535.439,1,240886.3
1542.880,1,242243.6
1550.315,1,243698
1557.743,1,245250.5
1565.165,1,247451.3
1572.581,1,250103.3
1579.990,1,253403.5
1587.393,1,257227.4
1594.790,1,261512.5
1602.180,1,266107.1
1609.563,1,270823.4
1616.941,1,275942.7
1624.312,1,280842.1
1631.677,1,285183.2
1639.035,1,287854.5
1646.388,1,288934.4
1653.733,1,287610.5
1661.073,1,283732.8
1668.406,1,278661.6
1675.733,1,271303.3
1683.054,1,263713.8
1690.369,1,256488.9
1697.677,1,249713
1704.979,1,244472.2
1712.275,1,239918.3
1719.564,1,236169.1
1726.848,1,233243.5
1734.125,1,230684.3
1741.396,1,227819.3
1748.660,1,225769.8
1755.919,1,223772.9
1763.171,1,222292.3
1770.417,1,220895.9
1777.657,1,219895.4
1784.891,1,218811.6
1792.119,1,218194.8
1799.341,1,217830.2
1806.556,1,217243.9
1813.765,1,216794.7
1820.969,1,216766.7
1828.166,1,216648.2
1835.357,1,216492.6
1842.542,1,216441.9
1849.720,1,216506.2
1856.893,1,216559.1
1864.060,1,216712.7
1871.220,1,216704.8
1878.375,1,216679.5
1885.523,1,217096.7
1892.666,1,217053.6
1899.802,1,217324.9
1906.933,1,217537.1
1914.057,1,217907.7
1921.175,1,218116.3
1928.288,1,218342.7
1935.394,1,218815.6
1942.494,1,219123.3
1949.589,1,219477.2
1956.677,1,220124.5
1963.760,1,220747.2
1970.836,1,221125.2
1977.907,1,221687
1984.971,1,222450.3
1992.030,1,223095.5
1999.083,1,223817.9
2006.130,1,224568.5
2013.171,1,225081.5
2020.206,1,225775.9
2027.235,1,226471.1
2034.258,1,227379.4
2041.275,1,228089.5
2048.287,1,228793.9
2055.292,1,229344.3
2062.292,1,230019
2069.286,1,230667.2
2076.274,1,231023.9
2083.256,1,231646.8
2090.233,1,231862.6
2097.203,1,232326.7
2104.168,1,232394.6
2111.127,1,232596.9
2118.080,1,232854.3
2125.027,1,232736.3
2131.969,1,232918.9
2138.905,1,232726.1
2145.835,1,233133.5
2152.759,1,232907.6
2159.677,1,232394
2166.590,1,231763.7
2173.497,1,231436.4
2180.398,1,231280.4
2187.294,1,230726
2194.184,1,230326.9
2201.068,1,229864
2207.946,1,229266.6
2214.819,1,225275.6
2221.686,1,228252.7
2228.547,1,227646.3
2235.403,1,227113.4
2242.253,1,226567.6
2249.097,1,226168.5
2255.935,1,225450.9
2262.768,1,225001.3
2269.596,1,224462.8
2276.417,1,224058.5
2283.233,1,223429.3
2290.044,1,222858.3
2296.849,1,222657.9
2303.648,1,222290.1
2310.441,1,222024.8
2317.229,1,221498.7
2324.012,1,221411.9
2330.789,1,221056.5
2337.560,1,220705
2344.326,1,220398.5
2351.086,1,220197.9
2357.840,1,219891
2364.589,1,219750.4
2371.333,1,219522
2378.071,1,219300.8
2384.803,1,219016.6
2391.530,1,218746.9
2398.251,1,218714.4
2404.967,1,218485.6
2411.678,1,218295
2418.383,1,218211.4
2425.082,1,218273.5
2431.776,1,218227
2438.464,1,218085.8
2445.147,1,217790.4
2451.825,1,217694.7
2458.497,1,217792.4
2465.163,1,217548.5
2471.825,1,217685.7
2478.480,1,217718.3
2485.131,1,217575.9
2491.776,1,217561.8
2498.415,1,217826.5
2505.049,1,218281.5
2511.678,1,218655.7
2518.301,1,218876.3
2524.919,1,219167.5
2531.531,1,219983.2
2538.139,1,220531.5
2544.740,1,221482.3
2551.337,1,222693.9
2557.928,1,225015.9
2564.514,1,228782.1
2571.094,1,235100.8
2577.669,1,241453.9
2584.239,1,240306
2590.803,1,232571.4
2597.362,1,225131.7
2603.916,1,220979.8
2610.464,1,219539.5
2617.007,1,218659.4
2623.545,1,218662.2
2630.078,1,218935.7
2636.605,1,219113.2
2643.127,1,219296.3
2649.644,1,219824
2656.156,1,220460.3
2662.662,1,221123.4
2669.163,1,221812.5
2675.659,1,222632.5
2682.149,1,223484.2
2688.634,1,224234.3
2695.115,1,225491.6
2701.589,1,226196.7
2708.059,1,227024.8
2714.524,1,228081.6
2720.983,1,229163.4
2727.437,1,230212.4
2733.886,1,231229.3
2740.330,1,232777.7
2746.768,1,234117.8
2753.202,1,235581
2759.630,1,236822.5
2766.053,1,238751.1
2772.471,1,240510.6
2778.884,1,242599.1
2785.292,1,244643.6
2791.694,1,246902.5
2798.092,1,249570.9
2804.484,1,252579.8
2810.871,1,255923.2
2817.253,1,259510.1
2823.630,1,263741.3
2830.002,1,268278.7
2836.369,1,272529.2
2842.731,1,277555.5
2849.087,1,282342.1
2855.439,1,288484.8
2861.786,1,295511.3
2868.127,1,303705
2874.464,1,311525.9
2880.795,1,319102.4
2887.122,1,327034.3
2893.443,1,336644.1
2899.759,1,349722.8
2906.071,1,369956.8
2912.377,1,400858.1
2918.678,1,437399.8
2924.975,1,472527.2
2931.266,1,504735.5
2937.552,1,532515.9
2943.834,1,547833.4
2950.110,1,546097.7
2956.381,1,538584.4
2962.648,1,533941.7
2968.909,1,534799.1
2975.166,1,543667.2
2981.417,1,556194.1
2987.664,1,568386.6
2993.906,1,580751.9
3000.143,1,592921.9
3006.374,1,608960.5
3012.601,1,630253.8
3018.823,1,655309
3025.041,1,685240.2
3031.253,1,717856.5
3037.460,1,753769.5
3043.663,1,793540.9
3049.860,1,836315.3
3056.053,1,880324.6
3062.241,1,928672.2
3068.424,1,980521.9
3074.602,1,1036061
3080.775,1,1094128
3086.943,1,1156226
3093.107,1,1222640
3099.266,1,1294317
3105.420,1,1368659
3111.569,1,1445983
3117.713,1,1529689
3123.852,1,1616180
3129.987,1,1703750
3136.117,1,1793399
3142.242,1,1886490
3148.362,1,1982539
3154.477,1,2076581
3160.588,1,2169948
3166.694,1,2261236
3172.795,1,2351227
3178.892,1,2440285
3184.983,1,2516617
3191.070,1,2591730
3197.152,1,2662441
3203.230,1,2726796
3209.302,1,2778823
3215.370,1,2824035
3221.433,1,2861854
3227.492,1,2898506
3233.545,1,2929910
3239.595,1,2951180
3245.639,1,2966939
3251.679,1,2976707
3257.713,1,2989739
3263.744,1,2997408
3269.769,1,3010624
3275.790,1,3018726
3281.807,1,3029960
3287.818,1,3042649
3293.825,1,3054788
3299.827,1,3066254
3305.825,1,3079737
3311.818,1,3098384
3317.806,1,3114745
3323.790,1,3134458
3329.769,1,3150659
3335.744,1,3175588
3341.713,1,3197730
3347.679,1,3226093
3353.639,1,3252022
3359.595,1,3281292
3365.547,1,3309350
3371.494,1,3337162
3377.436,1,3361173
3383.374,1,3374975
3389.307,1,3383957
3395.235,1,3387870
3401.159,1,3392658
3407.079,1,3387780
3412.994,1,3382888
3418.904,1,3367660
3424.810,1,3343022
3430.711,1,3301739
