188.820,1,66100
191.024,1,61707
193.227,1,60462
195.430,1,60449
197.632,1,60045
199.833,1,59847
202.034,1,59611
204.235,1,59529
206.435,1,59313
208.634,1,59152
210.833,1,58678
213.031,1,58713
215.229,1,58342
217.426,1,58136
219.623,1,57705
221.819,1,57556
224.015,1,57327
226.210,1,57052
228.404,1,56807
230.598,1,56522
232.792,1,56398
234.984,1,56183
237.177,1,55920
239.368,1,55793
241.560,1,55521
243.750,1,55361
245.940,1,55189
248.130,1,55156
250.319,1,54816
252.507,1,54815
254.695,1,54554
256.883,1,54431
259.069,1,54357
261.256,1,54280
263.441,1,54121
265.627,1,53986
267.811,1,53888
269.995,1,53811
272.179,1,53500
274.362,1,53546
276.544,1,53403
278.726,1,53295
280.908,1,53161
283.088,1,53146
285.269,1,52882
287.448,1,52831
289.628,1,52783
291.806,1,52623
293.984,1,52512
296.162,1,52523
298.339,1,52433
300.515,1,52212
302.691,1,52222
304.867,1,52167
307.042,1,52054
309.216,1,52024
311.390,1,51957
313.563,1,51833
315.736,1,51802
317.908,1,51697
320.080,1,51769
322.251,1,51732
324.421,1,51680
326.591,1,51691
328.761,1,51562
330.930,1,51710
333.098,1,51509
335.266,1,51580
337.433,1,51530
339.600,1,51524
341.766,1,51644
343.932,1,51617
346.097,1,51559
348.262,1,51577
350.426,1,51591
352.589,1,51632
354.752,1,51667
356.915,1,51731
359.077,1,51626
361.238,1,51645
363.399,1,51601
365.559,1,51712
367.719,1,51730
369.878,1,51686
372.037,1,51668
374.195,1,51799
376.353,1,51677
378.510,1,51620
380.667,1,51699
382.823,1,51612
384.978,1,51843
387.133,1,51798
389.288,1,51848
391.441,1,51794
393.595,1,51759
395.748,1,51818
397.900,1,51860
400.052,1,51780
402.203,1,51876
404.354,1,51847
406.504,1,51844
408.654,1,51856
410.803,1,51912
412.951,1,51860
415.099,1,51802
417.247,1,51887
419.394,1,51888
421.540,1,51780
423.686,1,51851
425.832,1,51982
427.977,1,51860
430.121,1,51926
432.265,1,51838
434.408,1,51853
436.551,1,51894
438.693,1,51905
440.835,1,51893
442.976,1,51946
445.117,1,51977
447.257,1,51971
449.396,1,51900
451.535,1,51939
453.674,1,51969
455.812,1,51931
457.949,1,51874
460.086,1,51930
462.223,1,51988
464.359,1,51868
466.494,1,51930
468.629,1,51902
470.763,1,51876
472.897,1,51844
475.030,1,51922
477.163,1,51768
479.295,1,51757
481.427,1,51767
483.558,1,51746
485.689,1,51800
487.819,1,51736
489.948,1,51778
492.078,1,51787
494.206,1,51650
496.334,1,51624
498.462,1,51660
500.589,1,51642
502.715,1,51561
504.841,1,51483
506.966,1,51484
509.091,1,51456
511.216,1,51465
513.339,1,51404
515.463,1,51366
517.586,1,51269
519.708,1,51289
521.830,1,51372
523.951,1,51264
526.072,1,51247
528.192,1,51234
530.311,1,51131
532.431,1,51201
534.549,1,51071
536.667,1,51018
538.785,1,51017
540.902,1,50952
543.019,1,51011
545.135,1,50929
547.250,1,50901
549.365,1,50922
551.480,1,50770
553.594,1,50872
555.707,1,50825
557.820,1,50793
559.932,1,50744
562.044,1,50798
564.156,1,50682
566.266,1,50809
568.377,1,50719
570.487,1,50639
572.596,1,50698
574.705,1,50647
576.813,1,50611
578.921,1,50611
581.028,1,50547
583.135,1,50520
585.241,1,50561
587.346,1,50554
589.452,1,50474
591.556,1,50546
593.660,1,50453
595.764,1,50533
597.867,1,50539
599.970,1,50540
602.072,1,50533
604.173,1,50486
606.274,1,50416
608.375,1,50465
610.475,1,50455
612.575,1,50406
614.674,1,50420
616.772,1,50395
618.870,1,50418
620.967,1,50404
623.064,1,50304
625.161,1,50390
627.257,1,50353
629.352,1,50339
631.447,1,50365
633.541,1,50348
635.635,1,50339
637.729,1,50237
639.822,1,50340
641.914,1,50232
644.006,1,50281
646.097,1,50216
648.188,1,50249
650.278,1,50226
652.368,1,50210
654.457,1,50191
656.546,1,50198
658.634,1,50270
660.722,1,50201
662.809,1,50165
664.896,1,50133
666.982,1,50194
669.068,1,50210
671.153,1,50150
673.238,1,50173
675.322,1,50243
677.406,1,50179
679.489,1,50168
681.572,1,50259
683.654,1,50189
685.736,1,50138
687.817,1,50223
689.897,1,50305
691.978,1,50136
694.057,1,50219
696.136,1,50159
698.215,1,50108
700.293,1,50094
702.371,1,50157
704.448,1,50127
706.524,1,50144
708.600,1,50157
710.676,1,50177
712.751,1,50149
714.826,1,50111
716.900,1,50153
718.973,1,50153
721.047,1,50132
723.119,1,49985
725.191,1,50055
727.263,1,50097
729.334,1,50121
731.404,1,50089
733.474,1,50019
735.544,1,49980
737.613,1,49938
739.682,1,50029
741.750,1,50015
743.817,1,50051
745.884,1,49977
747.951,1,49945
750.017,1,49997
752.082,1,50024
754.147,1,50006
756.212,1,49949
758.276,1,49875
760.340,1,49922
762.403,1,49974
764.465,1,49906
766.527,1,49885
768.589,1,49939
770.650,1,50001
772.710,1,49929
774.770,1,49911
776.830,1,49821
778.889,1,49937
780.948,1,49952
783.006,1,50044
785.063,1,49942
787.120,1,49992
789.177,1,49988
791.233,1,49980
793.288,1,49914
795.343,1,50002
797.398,1,49943
799.452,1,49962
801.506,1,49948
803.559,1,49956
805.611,1,49857
807.663,1,49918
809.715,1,49880
811.766,1,49881
813.817,1,49870
815.867,1,49904
817.916,1,49824
819.966,1,49871
822.014,1,49881
824.062,1,49820
826.110,1,49760
828.157,1,49752
830.204,1,49832
832.250,1,49772
834.296,1,49786
836.341,1,49817
838.385,1,49758
840.430,1,49850
842.473,1,49719
844.516,1,49669
846.559,1,49659
848.601,1,49714
850.643,1,49724
852.684,1,49684
854.725,1,49801
856.765,1,49748
858.805,1,49736
860.844,1,49793
862.883,1,49657
864.921,1,49640
866.959,1,49741
868.996,1,49716
871.033,1,49768
873.069,1,49785
875.105,1,49853
877.141,1,49851
879.175,1,49835
881.210,1,49952
883.244,1,49922
885.277,1,49850
887.310,1,49797
889.342,1,49670
891.374,1,49526
893.406,1,49595
895.437,1,49494
897.467,1,49577
899.497,1,49405
901.526,1,49528
903.555,1,49419
905.584,1,49380
907.612,1,49317
909.639,1,49380
911.666,1,49390
913.693,1,49402
915.719,1,49368
917.745,1,49396
919.770,1,49362
921.794,1,49285
923.818,1,49233
925.842,1,49365
927.865,1,49390
929.888,1,49327
931.910,1,49288
933.932,1,49312
935.953,1,49269
937.973,1,49281
939.994,1,49316
942.013,1,49305
944.033,1,49325
946.051,1,49356
948.070,1,49350
950.088,1,49292
952.105,1,49236
954.122,1,49232
956.138,1,49223
958.154,1,49315
960.169,1,49246
962.184,1,49297
964.199,1,49235
966.213,1,49284
968.226,1,49274
970.239,1,49259
972.252,1,49290
974.264,1,49389
976.275,1,49303
978.286,1,49423
980.297,1,49417
982.307,1,49522
984.316,1,49660
986.326,1,49795
988.334,1,49957
990.342,1,50048
992.350,1,50161
994.357,1,50203
996.364,1,50128
998.370,1,49951
1000.376,1,49727
1002.381,1,49561
1004.386,1,49407
1006.390,1,49324
1008.394,1,49365
1010.398,1,49274
1012.401,1,49275
1014.403,1,49199
1016.405,1,49196
1018.406,1,49110
1020.407,1,49149
1022.408,1,49228
1024.408,1,49144
1026.408,1,49188
1028.407,1,49175
1030.405,1,49170
1032.403,1,49212
1034.401,1,49151
1036.398,1,49070
1038.395,1,49196
1040.391,1,49201
1042.387,1,49131
1044.382,1,49142
1046.377,1,49178
1048.371,1,49192
1050.365,1,49091
1052.358,1,49175
1054.351,1,49208
1056.344,1,49225
1058.336,1,49178
1060.327,1,49199
1062.318,1,49242
1064.309,1,49290
1066.299,1,49278
1068.288,1,49385
1070.277,1,49375
1072.266,1,49444
1074.254,1,49456
1076.242,1,49531
1078.229,1,49483
1080.216,1,49501
1082.202,1,49504
1084.188,1,49446
1086.173,1,49478
1088.158,1,49388
1090.142,1,49306
1092.126,1,49335
1094.110,1,49354
1096.093,1,49204
1098.075,1,49197
1100.057,1,49153
1102.039,1,49155
1104.020,1,49166
1106.000,1,49172
1107.980,1,49084
1109.960,1,49149
1111.939,1,49161
1113.918,1,49177
1115.896,1,49193
1117.874,1,49059
1119.851,1,49110
1121.828,1,49008
1123.805,1,49088
1125.781,1,49162
1127.756,1,49065
1129.731,1,49118
1131.705,1,49060
1133.679,1,49116
1135.653,1,49090
1137.626,1,49120
1139.599,1,49088
1141.571,1,49131
1143.543,1,49130
1145.514,1,49083
1147.485,1,49096
1149.455,1,49097
1151.425,1,49109
1153.394,1,49045
1155.363,1,49061
1157.331,1,49085
1159.299,1,49018
1161.267,1,49078
1163.234,1,49110
1165.201,1,49006
1167.167,1,49111
1169.132,1,49093
1171.097,1,49062
1173.062,1,49057
1175.026,1,49024
1176.990,1,49007
1178.954,1,49029
1180.916,1,49095
1182.879,1,49122
1184.841,1,49147
1186.802,1,49024
1188.763,1,49113
1190.724,1,48912
1192.684,1,49122
1194.643,1,49003
1196.602,1,49064
1198.561,1,49036
1200.519,1,49148
1202.477,1,48965
1204.434,1,49096
1206.391,1,49113
1208.348,1,49012
1210.304,1,49015
1212.259,1,49092
1214.214,1,49075
1216.169,1,49097
1218.123,1,49081
1220.076,1,49050
1222.029,1,49016
1223.982,1,49053
1225.934,1,48955
1227.886,1,49067
1229.837,1,48989
1231.788,1,48959
1233.739,1,48976
1235.688,1,49069
1237.638,1,49061
1239.587,1,48973
1241.535,1,48988
1243.484,1,49002
1245.431,1,49063
1247.378,1,49046
1249.325,1,48985
1251.271,1,49050
1253.217,1,48965
1255.162,1,48998
1257.107,1,49006
1259.052,1,49015
1260.996,1,49005
1262.939,1,48957
1264.882,1,49050
1266.825,1,49021
1268.767,1,49045
1270.709,1,48920
1272.650,1,49089
1274.591,1,48998
1276.531,1,49076
1278.471,1,49031
1280.410,1,48996
1282.349,1,48973
1284.288,1,48981
1286.226,1,49031
1288.163,1,48982
1290.100,1,48934
1292.037,1,48986
1293.973,1,49024
1295.909,1,48944
1297.844,1,48949
1299.779,1,48987
1301.714,1,48999
1303.647,1,48955
1305.581,1,49033
1307.514,1,48944
1309.447,1,48977
1311.379,1,49003
1313.310,1,48996
1315.242,1,48973
1317.172,1,48953
1319.103,1,48984
1321.032,1,48974
1322.962,1,48920
1324.891,1,48927
1326.819,1,48962
1328.747,1,48957
1330.675,1,48998
1332.602,1,48963
1334.529,1,48995
1336.455,1,48937
1338.381,1,49018
1340.306,1,49000
1342.231,1,48990
1344.156,1,48975
1346.080,1,48960
1348.003,1,48088
1349.926,1,48936
1351.849,1,48995
1353.771,1,48944
1355.693,1,48919
1357.614,1,48960
1359.535,1,48984
1361.455,1,49059
1363.375,1,48968
1365.295,1,48963
1367.214,1,49010
1369.132,1,48876
1371.051,1,48906
1372.968,1,48932
1374.885,1,48974
1376.802,1,48968
1378.719,1,48956
1380.635,1,48945
1382.550,1,48986
1384.465,1,48962
1386.380,1,48964
1388.294,1,48944
1390.207,1,48941
1392.121,1,48951
1394.033,1,48947
1395.946,1,48923
1397.858,1,49028
1399.769,1,48992
1401.680,1,48968
1403.591,1,49028
1405.501,1,48884
1407.410,1,49038
1409.320,1,48948
1411.228,1,48893
1413.137,1,49056
1415.045,1,48868
1416.952,1,48966
1418.859,1,49055
1420.766,1,48955
1422.672,1,48964
1424.577,1,48937
1426.483,1,48979
1428.387,1,48868
1430.292,1,48995
1432.196,1,48937
1434.099,1,48909
1436.002,1,49004
1437.905,1,48947
1439.807,1,49011
1441.708,1,48969
1443.610,1,48974
1445.510,1,48975
1447.411,1,48981
1449.311,1,49007
1451.210,1,48936
1453.109,1,49022
1455.008,1,48891
1456.906,1,49000
1458.803,1,48927
1460.701,1,48953
1462.597,1,49001
1464.494,1,48957
1466.390,1,48887
1468.285,1,49070
1470.180,1,48954
1472.075,1,48952
1473.969,1,49046
1475.863,1,48988
1477.756,1,48976
1479.649,1,49030
1481.541,1,48993
1483.433,1,48984
1485.325,1,49012
1487.216,1,48988
1489.107,1,48974
1490.997,1,48955
1492.887,1,49050
1494.776,1,48984
1496.665,1,49002
1498.553,1,49015
1500.441,1,48975
1502.329,1,49031
1504.216,1,49067
1506.103,1,49103
1507.989,1,49110
1509.875,1,49071
1511.760,1,49069
1513.645,1,49033
1515.530,1,49026
1517.414,1,49048
1519.297,1,49109
1521.181,1,49065
1523.063,1,49124
1524.946,1,49074
1526.828,1,49105
1528.709,1,49123
1530.590,1,49237
1532.471,1,49139
1534.351,1,49072
1536.231,1,49136
1538.110,1,49130
1539.989,1,49158
1541.867,1,49163
1543.745,1,49137
1545.623,1,49218
1547.500,1,49246
1549.377,1,49180
1551.253,1,49233
1553.129,1,49213
1555.004,1,49287
1556.879,1,49229
1558.754,1,49287
1560.628,1,49286
1562.501,1,49244
1564.374,1,49383
1566.247,1,49344
1568.120,1,49321
1569.992,1,49355
1571.863,1,49395
1573.734,1,49430
1575.605,1,49490
1577.475,1,49548
1579.345,1,49525
1581.214,1,49469
1583.083,1,49455
1584.951,1,49512
1586.819,1,49667
1588.687,1,49618
1590.554,1,49643
1592.421,1,49675
1594.287,1,49734
1596.153,1,49752
1598.019,1,49861
1599.884,1,49782
1601.748,1,49826
1603.612,1,49962
1605.476,1,49952
1607.339,1,50064
1609.202,1,49989
1611.065,1,50032
1612.927,1,50048
1614.788,1,50111
1616.650,1,50173
1618.510,1,50241
1620.371,1,50212
1622.230,1,50300
1624.090,1,50316
1625.949,1,50190
1627.808,1,50288
1629.666,1,50238
1631.523,1,50320
1633.381,1,50333
1635.238,1,50364
1637.094,1,50371
1638.950,1,50318
1640.806,1,50364
1642.661,1,50369
1644.516,1,50268
1646.370,1,50356
1648.224,1,50310
1650.077,1,50248
1651.930,1,50267
1653.783,1,50212
1655.635,1,50231
1657.487,1,50183
1659.338,1,50098
1661.189,1,50131
1663.040,1,50055
1664.890,1,50035
1666.739,1,49950
1668.589,1,49968
1670.437,1,49849
1672.286,1,49891
1674.134,1,49827
1675.981,1,49768
1677.828,1,49753
1679.675,1,49683
1681.521,1,49630
1683.367,1,49618
1685.213,1,49573
1687.058,1,49566
1688.902,1,49527
1690.746,1,49500
1692.590,1,49389
1694.433,1,49321
1696.276,1,49308
1698.119,1,49362
1699.961,1,49240
1701.802,1,49181
1703.643,1,49207
1705.484,1,49184
1707.324,1,49157
1709.164,1,49103
1711.004,1,49076
1712.843,1,49109
1714.682,1,49032
1716.520,1,48943
1718.358,1,48993
1720.195,1,48940
1722.032,1,48884
1723.869,1,48939
1725.705,1,48931
1727.540,1,48922
1729.376,1,48818
1731.211,1,48879
1733.045,1,48757
1734.879,1,48746
1736.713,1,48792
1738.546,1,48809
1740.379,1,48766
1742.211,1,48736
1744.043,1,48712
1745.874,1,48711
1747.706,1,48709
1749.536,1,48634
1751.367,1,48591
1753.196,1,48661
1755.026,1,48636
1756.855,1,48656
1758.683,1,48598
1760.512,1,48664
1762.339,1,48592
1764.167,1,48585
1765.994,1,48572
1767.820,1,48481
1769.646,1,48437
1771.472,1,48509
1773.297,1,48539
1775.122,1,48508
1776.946,1,48580
1778.770,1,48528
1780.594,1,48515
1782.417,1,48500
1784.240,1,48432
1786.062,1,48586
1787.884,1,48463
1789.706,1,48525
1791.527,1,48509
1793.348,1,48489
1795.168,1,48450
1796.988,1,48457
1798.807,1,48489
1800.626,1,48504
1802.445,1,48417
1804.263,1,48488
1806.081,1,48389
1807.898,1,48414
1809.715,1,48442
1811.532,1,48419
1813.348,1,48465
1815.164,1,48380
1816.979,1,48428
1818.794,1,48502
1820.608,1,48521
1822.422,1,48453
1824.236,1,48378
1826.049,1,48392
1827.862,1,48432
1829.674,1,48503
1831.486,1,48454
1833.298,1,48425
1835.109,1,48375
1836.920,1,48446
1838.730,1,48556
1840.540,1,48429
1842.350,1,48408
1844.159,1,48515
1845.968,1,48364
1847.776,1,48429
1849.584,1,48444
1851.391,1,48456
1853.198,1,48402
1855.005,1,48464
1856.811,1,48458
1858.617,1,48450
1860.423,1,48427
1862.228,1,48520
1864.032,1,48430
1865.837,1,48501
1867.640,1,48473
1869.444,1,48456
1871.247,1,48426
1873.049,1,48443
1874.852,1,48490
1876.653,1,48433
1878.455,1,48422
1880.256,1,48495
1882.056,1,48455
1883.856,1,48427
1885.656,1,48484
1887.455,1,48549
1889.254,1,48450
1891.053,1,48507
1892.851,1,48487
1894.648,1,48490
1896.446,1,48454
1898.243,1,48436
1900.039,1,48495
1901.835,1,48504
1903.631,1,48517
1905.426,1,48532
1907.221,1,48457
1909.015,1,48434
1910.809,1,48406
1912.603,1,48535
1914.396,1,48445
1916.189,1,48533
1917.981,1,48583
1919.773,1,48481
1921.565,1,48517
1923.356,1,48562
1925.147,1,48518
1926.937,1,48507
1928.727,1,48509
1930.517,1,48581
1932.306,1,48562
1934.095,1,48540
1935.883,1,48514
1937.671,1,48554
1939.459,1,48551
1941.246,1,48559
1943.033,1,48521
1944.819,1,48529
1946.605,1,48587
1948.390,1,48620
1950.176,1,48575
1951.960,1,48579
1953.745,1,48546
1955.529,1,48575
1957.312,1,48604
1959.095,1,48599
1960.878,1,48546
1962.660,1,48616
1964.442,1,48603
1966.224,1,48592
1968.005,1,48632
1969.785,1,48593
1971.566,1,48680
1973.346,1,48620
1975.125,1,48630
1976.904,1,48653
1978.683,1,48629
1980.461,1,48557
1982.239,1,48681
1984.017,1,48640
1985.794,1,48671
1987.571,1,48615
1989.347,1,48591
1991.123,1,48640
1992.898,1,48686
1994.673,1,48718
1996.448,1,48668
1998.222,1,48647
1999.996,1,48703
2001.770,1,48611
2003.543,1,48734
2005.316,1,48752
2007.088,1,48743
2008.860,1,48813
2010.631,1,48750
2012.403,1,48730
2014.173,1,48639
2015.944,1,48727
2017.714,1,48736
2019.483,1,48761
2021.252,1,48740
2023.021,1,48704
2024.789,1,48719
2026.557,1,48772
2028.325,1,48755
2030.092,1,48825
2031.859,1,48818
2033.625,1,48772
2035.391,1,48753
2037.157,1,48810
2038.922,1,48866
2040.687,1,48808
2042.451,1,48808
2044.215,1,48833
2045.978,1,48806
2047.742,1,48901
2049.504,1,48969
2051.267,1,48960
2053.029,1,48881
2054.790,1,48808
2056.552,1,48820
2058.313,1,48887
2060.073,1,48790
2061.833,1,48911
2063.593,1,48854
2065.352,1,48849
2067.111,1,48856
2068.869,1,48877
2070.627,1,48948
2072.385,1,48901
2074.142,1,48852
2075.899,1,48917
2077.656,1,48825
2079.412,1,48949
2081.167,1,48864
2082.923,1,48948
2084.678,1,48911
2086.432,1,49001
2088.186,1,48929
2089.940,1,48906
2091.693,1,48922
2093.446,1,48967
2095.199,1,48980
2096.951,1,48948
2098.703,1,48889
2100.454,1,48954
2102.205,1,48991
2103.956,1,49083
2105.706,1,48948
2107.456,1,49017
2109.205,1,48961
2110.954,1,48980
2112.703,1,49016
2114.451,1,49004
2116.199,1,49055
2117.947,1,49021
2119.694,1,48997
2121.440,1,49035
2123.187,1,49031
2124.933,1,49020
2126.678,1,49046
2128.423,1,48998
2130.168,1,49016
2131.912,1,48996
2133.656,1,49006
2135.400,1,48978
2137.143,1,48959
2138.886,1,48966
2140.629,1,49046
2142.371,1,48997
2144.112,1,49018
2145.853,1,49067
2147.594,1,48957
2149.335,1,49027
2151.075,1,49012
2152.815,1,48952
2154.554,1,48993
2156.293,1,48987
2158.031,1,48942
2159.770,1,49007
2161.507,1,48974
2163.245,1,49052
2164.982,1,48976
2166.718,1,48956
2168.455,1,48942
2170.190,1,48989
2171.926,1,48900
2173.661,1,48970
2175.396,1,48925
2177.130,1,48975
2178.864,1,48897
2180.597,1,48984
2182.331,1,48893
2184.063,1,48890
2185.796,1,48984
2187.528,1,48983
2189.259,1,48876
2190.990,1,48896
2192.721,1,48972
2194.452,1,48915
2196.182,1,48902
2197.911,1,48872
2199.641,1,48898
2201.370,1,48840
2203.098,1,48966
2204.826,1,48899
2206.554,1,48925
2208.281,1,48983
2210.008,1,48835
2211.735,1,48859
2213.461,1,48814
2215.187,1,48847
2216.913,1,48893
2218.638,1,48867
2220.362,1,48887
2222.087,1,48784
2223.811,1,48795
2225.534,1,48797
2227.257,1,48838
2228.980,1,48774
2230.703,1,48800
2232.425,1,48812
2234.146,1,48802
2235.867,1,48784
2237.588,1,48770
2239.309,1,48847
2241.029,1,48735
2242.749,1,48801
2244.468,1,48821
2246.187,1,48790
2247.906,1,48730
2249.624,1,48780
2251.342,1,48763
2253.059,1,48821
2254.776,1,48740
2256.493,1,48730
2258.209,1,48730
2259.925,1,48749
2261.641,1,48683
2263.356,1,48747
2265.071,1,48707
2266.785,1,48758
2268.499,1,48783
2270.213,1,48755
2271.926,1,48683
2273.639,1,48749
2275.351,1,48691
2277.064,1,48628
2278.775,1,48696
2280.487,1,48788
2282.198,1,48603
2283.908,1,48716
2285.619,1,48688
2287.328,1,48670
2289.038,1,48667
2290.747,1,48705
2292.456,1,48624
2294.164,1,48692
2295.872,1,48625
2297.580,1,48646
2299.287,1,48633
2300.994,1,48736
2302.700,1,48651
2304.406,1,48625
2306.112,1,48624
2307.818,1,48619
2309.523,1,48560
2311.227,1,48629
2312.931,1,48625
2314.635,1,48638
2316.339,1,48629
2318.042,1,48644
2319.745,1,48620
2321.447,1,48670
2323.149,1,48633
2324.850,1,48620
2326.552,1,48629
2328.253,1,48619
2329.953,1,48554
2331.653,1,48630
2333.353,1,48602
2335.052,1,48707
2336.751,1,48646
2338.450,1,48625
2340.148,1,48604
2341.846,1,48697
2343.543,1,48568
2345.240,1,48632
2346.937,1,48614
2348.634,1,48619
2350.330,1,48617
2352.025,1,48650
2353.720,1,48557
2355.415,1,48539
2357.110,1,48612
2358.804,1,48582
2360.498,1,48596
2362.191,1,48553
2363.884,1,48510
2365.577,1,48562
2367.269,1,48601
2368.961,1,48688
2370.652,1,48540
2372.343,1,48571
2374.034,1,48642
2375.725,1,48594
2377.415,1,48594
2379.104,1,48564
2380.794,1,48586
2382.483,1,48636
2384.171,1,48545
2385.859,1,48540
2387.547,1,48557
2389.235,1,48557
2390.922,1,48624
2392.608,1,48645
2394.295,1,48532
2395.981,1,48561
2397.666,1,48526
2399.351,1,48508
2401.036,1,48571
2402.721,1,48561
2404.405,1,48610
2406.089,1,48556
2407.772,1,48521
2409.455,1,48599
2411.138,1,48616
2412.820,1,48567
2414.502,1,48523
2416.183,1,48608
2417.865,1,48650
2419.545,1,48515
2421.226,1,48574
2422.906,1,48528
2424.586,1,48559
2426.265,1,48547
2427.944,1,48561
2429.622,1,48560
2431.301,1,48585
2432.979,1,48587
2434.656,1,48541
2436.333,1,48567
2438.010,1,48570
2439.686,1,48620
2441.362,1,48596
2443.038,1,48543
2444.713,1,48509
2446.388,1,48612
2448.063,1,48521
2449.737,1,48560
2451.411,1,48560
2453.084,1,48555
2454.757,1,48539
2456.430,1,48558
2458.102,1,48621
2459.774,1,48503
2461.446,1,48560
2463.117,1,48517
2464.788,1,48588
2466.459,1,48552
2468.129,1,48493
2469.799,1,48486
2471.468,1,48550
2473.137,1,48542
2474.806,1,48467
2476.474,1,48543
2478.142,1,48539
2479.810,1,48486
2481.477,1,48425
2483.144,1,48518
2484.811,1,48496
2486.477,1,48613
2488.143,1,48533
2489.808,1,48533
2491.473,1,48603
2493.138,1,48549
2494.802,1,48479
2496.466,1,48457
2498.130,1,48508
2499.793,1,48509
2501.456,1,48563
2503.119,1,48464
2504.781,1,48521
2506.443,1,48499
2508.104,1,48483
2509.765,1,48548
2511.426,1,48487
2513.086,1,48530
2514.746,1,48533
2516.406,1,48463
2518.065,1,48502
2519.724,1,48441
2521.383,1,48489
2523.041,1,48493
2524.699,1,48464
2526.356,1,48556
2528.014,1,48472
2529.670,1,48582
2531.327,1,48528
2532.983,1,48445
2534.638,1,48504
2536.294,1,48464
2537.949,1,48467
2539.603,1,48470
2541.258,1,48461
2542.912,1,48603
2544.565,1,48469
2546.218,1,48448
2547.871,1,48469
2549.523,1,48506
2551.176,1,48488
2552.827,1,48514
2554.479,1,48424
2556.130,1,48444
2557.780,1,48527
2559.431,1,48461
2561.081,1,48473
2562.730,1,48487
2564.379,1,48474
2566.028,1,48479
2567.677,1,48491
2569.325,1,48470
2570.973,1,48475
2572.620,1,48462
2574.267,1,48479
2575.914,1,48499
2577.560,1,48502
2579.206,1,48445
2580.852,1,48458
2582.497,1,48425
2584.142,1,48477
2585.787,1,48541
2587.431,1,48447
2589.075,1,48539
2590.719,1,48403
2592.362,1,48475
2594.005,1,48405
2595.647,1,48582
2597.289,1,48495
2598.931,1,48461
2600.572,1,48470
2602.213,1,48495
2603.854,1,48516
2605.494,1,48494
2607.134,1,48460
2608.774,1,48465
2610.413,1,48458
2612.052,1,48472
2613.691,1,48515
2615.329,1,48453
2616.967,1,48520
2618.604,1,48501
2620.241,1,48482
2621.878,1,48471
2623.514,1,48529
2625.151,1,48464
2626.786,1,48457
2628.422,1,48490
2630.057,1,48524
2631.691,1,48547
2633.326,1,48568
2634.960,1,48528
2636.593,1,48479
2638.226,1,48505
2639.859,1,48549
2641.492,1,48553
2643.124,1,48525
2644.756,1,48580
2646.387,1,48492
2648.018,1,48494
2649.649,1,48481
2651.280,1,48545
2652.910,1,48531
2654.540,1,48551
2656.169,1,48571
2657.798,1,48590
2659.427,1,48650
2661.055,1,48562
2662.683,1,48538
2664.311,1,48581
2665.938,1,48567
2667.565,1,48600
2669.191,1,48549
2670.818,1,48572
2672.443,1,48578
2674.069,1,48635
2675.694,1,48560
2677.319,1,48626
2678.943,1,48584
2680.567,1,48588
2682.191,1,48631
2683.815,1,48576
2685.438,1,48634
2687.060,1,48615
2688.683,1,48610
2690.305,1,48570
2691.927,1,48627
2693.548,1,48691
2695.169,1,48657
2696.789,1,48645
2698.410,1,48566
2700.030,1,48755
2701.649,1,48652
2703.269,1,48652
2704.887,1,48704
2706.506,1,48699
2708.124,1,48685
2709.742,1,48696
2711.359,1,48642
2712.977,1,48756
2714.593,1,48734
2716.210,1,48684
