188.820,1,68933
191.024,1,64743
193.227,1,63641
195.430,1,63463
197.632,1,63065
199.833,1,62794
202.034,1,62684
204.235,1,62234
206.435,1,62084
208.634,1,61842
210.833,1,61315
213.031,1,61097
215.229,1,60722
217.426,1,60403
219.623,1,60218
221.819,1,60014
224.015,1,59537
226.210,1,59247
228.404,1,58887
230.598,1,58585
232.792,1,58466
234.984,1,58057
237.177,1,57803
239.368,1,57765
241.560,1,57465
243.750,1,57193
245.940,1,56921
248.130,1,56767
250.319,1,56510
252.507,1,56380
254.695,1,56007
256.883,1,55955
259.069,1,55839
261.256,1,55605
263.441,1,55437
265.627,1,55284
267.811,1,55098
269.995,1,55015
272.179,1,54926
274.362,1,54745
276.544,1,54599
278.726,1,54467
280.908,1,54291
283.088,1,54174
285.269,1,54150
287.448,1,53917
289.628,1,53885
291.806,1,53810
293.984,1,53646
296.162,1,53554
298.339,1,53294
300.515,1,53333
302.691,1,53292
304.867,1,53112
307.042,1,53116
309.216,1,52879
311.390,1,52842
313.563,1,52787
315.736,1,52714
317.908,1,52605
320.080,1,52631
322.251,1,52526
324.421,1,52438
326.591,1,52415
328.761,1,52418
330.930,1,52333
333.098,1,52188
335.266,1,52194
337.433,1,52222
339.600,1,52123
341.766,1,52148
343.932,1,52141
346.097,1,52105
348.262,1,52139
350.426,1,52186
352.589,1,52084
354.752,1,52098
356.915,1,52045
359.077,1,52059
361.238,1,52176
363.399,1,52027
365.559,1,52031
367.719,1,52069
369.878,1,52076
372.037,1,52102
374.195,1,52176
376.353,1,52037
378.510,1,51987
380.667,1,52039
382.823,1,52030
384.978,1,51962
387.133,1,52014
389.288,1,52010
391.441,1,52061
393.595,1,52064
395.748,1,51946
397.900,1,51989
400.052,1,51941
402.203,1,52091
404.354,1,51991
406.504,1,51944
408.654,1,52140
410.803,1,52048
412.951,1,52026
415.099,1,51987
417.247,1,52040
419.394,1,51966
421.540,1,51999
423.686,1,52014
425.832,1,52037
427.977,1,51989
430.121,1,51935
432.265,1,52093
434.408,1,52022
436.551,1,52007
438.693,1,52018
440.835,1,51972
442.976,1,52030
445.117,1,52062
447.257,1,51925
449.396,1,51969
451.535,1,52012
453.674,1,52036
455.812,1,51896
457.949,1,51858
460.086,1,51967
462.223,1,51878
464.359,1,51908
466.494,1,51898
468.629,1,51952
470.763,1,51902
472.897,1,51848
475.030,1,51882
477.163,1,51944
479.295,1,51928
481.427,1,51907
483.558,1,51851
485.689,1,51887
487.819,1,51910
489.948,1,51874
492.078,1,51889
494.206,1,51910
496.334,1,51917
498.462,1,51896
500.589,1,51946
502.715,1,51953
504.841,1,52037
506.966,1,52053
509.091,1,52165
511.216,1,52323
513.339,1,52541
515.463,1,52622
517.586,1,52628
519.708,1,52446
521.830,1,52448
523.951,1,52325
526.072,1,52235
528.192,1,52213
530.311,1,52145
532.431,1,52073
534.549,1,51891
536.667,1,51964
538.785,1,51852
540.902,1,51693
543.019,1,51731
545.135,1,51666
547.250,1,51631
549.365,1,51587
551.480,1,51481
553.594,1,51430
555.707,1,51362
557.820,1,51344
559.932,1,51341
562.044,1,51394
564.156,1,51311
566.266,1,51216
568.377,1,51314
570.487,1,51327
572.596,1,51274
574.705,1,51253
576.813,1,51253
578.921,1,51160
581.028,1,51198
583.135,1,51157
585.241,1,51256
587.346,1,51144
589.452,1,51094
591.556,1,51121
593.660,1,51203
595.764,1,51088
597.867,1,51099
599.970,1,51164
602.072,1,50993
604.173,1,51145
606.274,1,51092
608.375,1,51055
610.475,1,51004
612.575,1,51097
614.674,1,51048
616.772,1,51055
618.870,1,51027
620.967,1,51065
623.064,1,51037
625.161,1,51084
627.257,1,51069
629.352,1,51136
631.447,1,51029
633.541,1,50910
635.635,1,51078
637.729,1,51003
639.822,1,50888
641.914,1,51077
644.006,1,50977
646.097,1,51002
648.188,1,51002
650.278,1,50987
652.368,1,51106
654.457,1,51059
656.546,1,51100
658.634,1,51169
660.722,1,51154
662.809,1,51262
664.896,1,51197
666.982,1,51197
669.068,1,51333
671.153,1,51203
673.238,1,51203
675.322,1,51267
677.406,1,51192
679.489,1,51162
681.572,1,51095
683.654,1,51097
685.736,1,51013
687.817,1,51042
689.897,1,51109
691.978,1,51014
694.057,1,51009
696.136,1,51041
698.215,1,50863
700.293,1,50889
702.371,1,50824
704.448,1,50908
706.524,1,50804
708.600,1,50890
710.676,1,50779
712.751,1,50781
714.826,1,50844
716.900,1,50774
718.973,1,50781
721.047,1,50686
723.119,1,50709
725.191,1,50718
727.263,1,50677
729.334,1,50686
731.404,1,50606
733.474,1,50641
735.544,1,50712
737.613,1,50696
739.682,1,50649
741.750,1,50493
743.817,1,50611
745.884,1,50587
747.951,1,50687
750.017,1,50564
752.082,1,50563
754.147,1,50562
756.212,1,50406
758.276,1,50535
760.340,1,50485
762.403,1,50392
764.465,1,50453
766.527,1,50458
768.589,1,50363
770.650,1,50465
772.710,1,50338
774.770,1,50364
776.830,1,50441
778.889,1,50379
780.948,1,50387
783.006,1,50454
785.063,1,50427
787.120,1,50363
789.177,1,50432
791.233,1,50376
793.288,1,50427
795.343,1,50463
797.398,1,50451
799.452,1,50426
801.506,1,50374
803.559,1,50457
805.611,1,50389
807.663,1,50357
809.715,1,50383
811.766,1,50379
813.817,1,50311
815.867,1,50383
817.916,1,50284
819.966,1,50255
822.014,1,50209
824.062,1,50210
826.110,1,50209
828.157,1,50173
830.204,1,50246
832.250,1,50165
834.296,1,50194
836.341,1,50322
838.385,1,50218
840.430,1,50396
842.473,1,50217
844.516,1,50296
846.559,1,50321
848.601,1,50320
850.643,1,50275
852.684,1,50283
854.725,1,50277
856.765,1,50294
858.805,1,50308
860.844,1,50410
862.883,1,50402
864.921,1,50425
866.959,1,50395
868.996,1,50626
871.033,1,50728
873.069,1,50736
875.105,1,50862
877.141,1,51053
879.175,1,51181
881.210,1,51210
883.244,1,51371
885.277,1,51344
887.310,1,51112
889.342,1,50974
891.374,1,50996
893.406,1,50763
895.437,1,50623
897.467,1,50625
899.497,1,50342
901.526,1,50387
903.555,1,50303
905.584,1,50236
907.612,1,50152
909.639,1,50204
911.666,1,50303
913.693,1,50342
915.719,1,50321
917.745,1,50344
919.770,1,50326
921.794,1,50321
923.818,1,50277
925.842,1,50217
927.865,1,50186
929.888,1,50058
931.910,1,50017
933.932,1,49838
935.953,1,49882
937.973,1,49869
939.994,1,49746
942.013,1,49671
944.033,1,49797
946.051,1,49764
948.070,1,49746
950.088,1,49644
952.105,1,49781
954.122,1,49727
956.138,1,49705
958.154,1,49634
960.169,1,49643
962.184,1,49701
964.199,1,49689
966.213,1,49682
968.226,1,49694
970.239,1,49694
972.252,1,49712
974.264,1,49693
976.275,1,49680
978.286,1,49660
980.297,1,49660
982.307,1,49636
984.316,1,49643
986.326,1,49630
988.334,1,49704
990.342,1,49632
992.350,1,49645
994.357,1,49736
996.364,1,49683
998.370,1,49687
1000.376,1,49653
1002.381,1,49671
1004.386,1,49809
1006.390,1,49666
1008.394,1,49654
1010.398,1,49728
1012.401,1,49731
1014.403,1,49687
1016.405,1,49757
1018.406,1,49745
1020.407,1,49807
1022.408,1,49910
1024.408,1,49986
1026.408,1,49939
1028.407,1,49897
1030.405,1,49856
1032.403,1,49802
1034.401,1,49795
1036.398,1,49839
1038.395,1,49760
1040.391,1,49748
1042.387,1,49788
1044.382,1,49782
1046.377,1,49679
1048.371,1,49762
1050.365,1,49698
1052.358,1,49663
1054.351,1,49602
1056.344,1,49635
1058.336,1,49578
1060.327,1,49744
1062.318,1,49805
1064.309,1,49763
1066.299,1,49873
1068.288,1,50006
1070.277,1,50147
1072.266,1,50202
1074.254,1,50429
1076.242,1,50513
1078.229,1,50640
1080.216,1,50675
1082.202,1,50569
1084.188,1,50574
1086.173,1,50422
1088.158,1,50173
1090.142,1,50035
1092.126,1,49922
1094.110,1,49831
1096.093,1,49727
1098.075,1,49594
1100.057,1,49580
1102.039,1,49568
1104.020,1,49502
1106.000,1,49531
1107.980,1,49486
1109.960,1,49423
1111.939,1,49446
1113.918,1,49513
1115.896,1,49449
1117.874,1,49426
1119.851,1,49454
1121.828,1,49460
1123.805,1,49456
1125.781,1,49501
1127.756,1,49446
1129.731,1,49407
1131.705,1,49413
1133.679,1,49480
1135.653,1,49375
1137.626,1,49388
1139.599,1,49345
1141.571,1,49451
1143.543,1,49328
1145.514,1,49355
1147.485,1,49409
1149.455,1,49436
1151.425,1,49376
1153.394,1,49460
1155.363,1,49462
1157.331,1,49452
1159.299,1,49418
1161.267,1,49470
1163.234,1,49452
1165.201,1,49479
1167.167,1,49374
1169.132,1,49410
1171.097,1,49473
1173.062,1,49485
1175.026,1,49465
1176.990,1,49438
1178.954,1,49533
1180.916,1,49568
1182.879,1,49624
1184.841,1,49561
1186.802,1,49609
1188.763,1,49571
1190.724,1,49594
1192.684,1,49493
1194.643,1,49469
1196.602,1,49416
1198.561,1,49397
1200.519,1,49454
1202.477,1,49449
1204.434,1,49294
1206.391,1,49403
1208.348,1,49346
1210.304,1,49327
1212.259,1,49403
1214.214,1,49363
1216.169,1,49450
1218.123,1,49337
1220.076,1,49466
1222.029,1,49417
1223.982,1,49499
1225.934,1,49545
1227.886,1,49595
1229.837,1,49431
1231.788,1,49640
1233.739,1,49736
1235.688,1,49664
1237.638,1,49714
1239.587,1,49719
1241.535,1,49807
1243.484,1,49795
1245.431,1,49822
1247.378,1,49827
1249.325,1,49808
1251.271,1,49845
1253.217,1,49887
1255.162,1,49909
1257.107,1,49926
1259.052,1,49897
1260.996,1,49878
1262.939,1,49830
1264.882,1,49893
1266.825,1,49902
1268.767,1,50022
1270.709,1,49915
1272.650,1,49969
1274.591,1,49911
1276.531,1,49894
1278.471,1,49960
1280.410,1,49884
1282.349,1,49877
1284.288,1,49836
1286.226,1,50017
1288.163,1,49985
1290.100,1,49915
1292.037,1,49945
1293.973,1,49927
1295.909,1,49911
1297.844,1,49969
1299.779,1,49917
1301.714,1,49962
1303.647,1,50025
1305.581,1,49949
1307.514,1,49887
1309.447,1,49919
1311.379,1,49892
1313.310,1,49949
1315.242,1,49966
1317.172,1,49919
1319.103,1,49957
1321.032,1,49988
1322.962,1,50012
1324.891,1,49901
1326.819,1,49943
1328.747,1,49855
1330.675,1,49717
1332.602,1,49836
1334.529,1,49739
1336.455,1,49779
1338.381,1,49865
1340.306,1,49786
1342.231,1,49722
1344.156,1,49809
1346.080,1,49805
1348.003,1,48677
1349.926,1,49698
1351.849,1,49732
1353.771,1,49827
1355.693,1,49768
1357.614,1,49819
1359.535,1,49878
1361.455,1,49819
1363.375,1,49801
1365.295,1,49815
1367.214,1,49752
1369.132,1,49685
1371.051,1,49619
1372.968,1,49700
1374.885,1,49691
1376.802,1,49587
1378.719,1,49668
1380.635,1,49630
1382.550,1,49769
1384.465,1,49731
1386.380,1,49879
1388.294,1,49889
1390.207,1,50010
1392.121,1,49984
1394.033,1,50020
1395.946,1,50093
1397.858,1,50101
1399.769,1,50151
1401.680,1,50134
1403.591,1,50163
1405.501,1,50266
1407.410,1,50269
1409.320,1,50301
1411.228,1,50339
1413.137,1,50434
1415.045,1,50374
1416.952,1,50409
1418.859,1,50338
1420.766,1,50379
1422.672,1,50190
1424.577,1,50205
1426.483,1,50222
1428.387,1,50045
1430.292,1,49895
1432.196,1,49889
1434.099,1,49780
1436.002,1,49756
1437.905,1,49603
1439.807,1,49645
1441.708,1,49665
1443.610,1,49686
1445.510,1,49611
1447.411,1,49546
1449.311,1,49559
1451.210,1,49581
1453.109,1,49493
1455.008,1,49547
1456.906,1,49396
1458.803,1,49386
1460.701,1,49294
1462.597,1,49313
1464.494,1,49343
1466.390,1,49324
1468.285,1,49290
1470.180,1,49270
1472.075,1,49269
1473.969,1,49224
1475.863,1,49226
1477.756,1,49261
1479.649,1,49209
1481.541,1,49335
1483.433,1,49176
1485.325,1,49303
1487.216,1,49218
1489.107,1,49295
1490.997,1,49248
1492.887,1,49303
1494.776,1,49284
1496.665,1,49368
1498.553,1,49235
1500.441,1,49329
1502.329,1,49300
1504.216,1,49346
1506.103,1,49335
1507.989,1,49295
1509.875,1,49342
1511.760,1,49364
1513.645,1,49306
1515.530,1,49392
1517.414,1,49353
1519.297,1,49347
1521.181,1,49387
1523.063,1,49539
1524.946,1,49528
1526.828,1,49439
1528.709,1,49466
1530.590,1,49537
1532.471,1,49563
1534.351,1,49454
1536.231,1,49525
1538.110,1,49642
1539.989,1,49571
1541.867,1,49584
1543.745,1,49634
1545.623,1,49582
1547.500,1,49673
1549.377,1,49702
1551.253,1,49633
1553.129,1,49721
1555.004,1,49685
1556.879,1,49656
1558.754,1,49640
1560.628,1,49669
1562.501,1,49784
1564.374,1,49801
1566.247,1,49739
1568.120,1,49822
1569.992,1,49886
1571.863,1,49816
1573.734,1,49837
1575.605,1,49947
1577.475,1,49922
1579.345,1,50081
1581.214,1,49957
1583.083,1,50023
1584.951,1,50052
1586.819,1,50114
1588.687,1,50266
1590.554,1,50238
1592.421,1,50325
1594.287,1,50304
1596.153,1,50279
1598.019,1,50401
1599.884,1,50466
1601.748,1,50508
1603.612,1,50617
1605.476,1,50630
1607.339,1,50506
1609.202,1,50759
1611.065,1,50689
1612.927,1,50895
1614.788,1,50837
1616.650,1,50996
1618.510,1,51055
1620.371,1,51028
1622.230,1,51099
1624.090,1,51217
1625.949,1,51131
1627.808,1,51186
1629.666,1,51208
1631.523,1,51270
1633.381,1,51218
1635.238,1,51424
1637.094,1,51371
1638.950,1,51404
1640.806,1,51485
1642.661,1,51434
1644.516,1,51528
1646.370,1,51482
1648.224,1,51455
1650.077,1,51581
1651.930,1,51498
1653.783,1,51364
1655.635,1,51410
1657.487,1,51374
1659.338,1,51353
1661.189,1,51331
1663.040,1,51294
1664.890,1,51104
1666.739,1,51117
1668.589,1,51024
1670.437,1,50970
1672.286,1,50950
1674.134,1,50788
1675.981,1,50725
1677.828,1,50562
1679.675,1,50444
1681.521,1,50454
1683.367,1,50363
1685.213,1,50279
1687.058,1,50160
1688.902,1,50155
1690.746,1,50033
1692.590,1,49881
1694.433,1,49838
1696.276,1,49805
1698.119,1,49742
1699.961,1,49690
1701.802,1,49607
1703.643,1,49582
1705.484,1,49635
1707.324,1,49564
1709.164,1,49452
1711.004,1,49384
1712.843,1,49363
1714.682,1,49354
1716.520,1,49302
1718.358,1,49287
1720.195,1,49300
1722.032,1,49279
1723.869,1,49269
1725.705,1,49212
1727.540,1,49176
1729.376,1,49159
1731.211,1,49147
1733.045,1,49118
1734.879,1,49083
1736.713,1,49069
1738.546,1,49015
1740.379,1,48972
1742.211,1,48934
1744.043,1,48941
1745.874,1,48907
1747.706,1,48929
1749.536,1,48896
1751.367,1,48813
1753.196,1,48808
1755.026,1,48778
1756.855,1,48805
1758.683,1,48753
1760.512,1,48698
1762.339,1,48762
1764.167,1,48789
1765.994,1,48703
1767.820,1,48766
1769.646,1,48641
1771.472,1,48694
1773.297,1,48665
1775.122,1,48599
1776.946,1,48599
1778.770,1,48691
1780.594,1,48629
1782.417,1,48582
1784.240,1,48623
1786.062,1,48684
1787.884,1,48641
1789.706,1,48538
1791.527,1,48606
1793.348,1,48571
1795.168,1,48531
1796.988,1,48605
1798.807,1,48575
1800.626,1,48548
1802.445,1,48598
1804.263,1,48499
1806.081,1,48537
1807.898,1,48630
1809.715,1,48517
1811.532,1,48544
1813.348,1,48500
1815.164,1,48587
1816.979,1,48500
1818.794,1,48587
1820.608,1,48474
1822.422,1,48454
1824.236,1,48491
1826.049,1,48512
1827.862,1,48530
1829.674,1,48608
1831.486,1,48604
1833.298,1,48521
1835.109,1,48558
1836.920,1,48555
1838.730,1,48594
1840.540,1,48577
1842.350,1,48500
1844.159,1,48454
1845.968,1,48539
1847.776,1,48521
1849.584,1,48618
1851.391,1,48590
1853.198,1,48507
1855.005,1,48488
1856.811,1,48492
1858.617,1,48541
1860.423,1,48593
1862.228,1,48561
1864.032,1,48567
1865.837,1,48611
1867.640,1,48518
1869.444,1,48560
1871.247,1,48559
1873.049,1,48571
1874.852,1,48520
1876.653,1,48545
1878.455,1,48562
1880.256,1,48603
1882.056,1,48595
1883.856,1,48588
1885.656,1,48525
1887.455,1,48642
1889.254,1,48458
1891.053,1,48582
1892.851,1,48548
1894.648,1,48604
1896.446,1,48518
1898.243,1,48614
1900.039,1,48603
1901.835,1,48648
1903.631,1,48605
1905.426,1,48630
1907.221,1,48581
1909.015,1,48613
1910.809,1,48545
1912.603,1,48642
1914.396,1,48641
1916.189,1,48657
1917.981,1,48593
1919.773,1,48632
1921.565,1,48651
1923.356,1,48703
1925.147,1,48570
1926.937,1,48621
1928.727,1,48589
1930.517,1,48608
1932.306,1,48621
1934.095,1,48607
1935.883,1,48620
1937.671,1,48701
1939.459,1,48652
1941.246,1,48662
1943.033,1,48686
1944.819,1,48721
1946.605,1,48706
1948.390,1,48742
1950.176,1,48667
1951.960,1,48726
1953.745,1,48694
1955.529,1,48732
1957.312,1,48715
1959.095,1,48684
1960.878,1,48697
1962.660,1,48731
1964.442,1,48726
1966.224,1,48766
1968.005,1,48793
1969.785,1,48686
1971.566,1,48773
1973.346,1,48724
1975.125,1,48833
1976.904,1,48821
1978.683,1,48843
1980.461,1,48762
1982.239,1,48826
1984.017,1,48762
1985.794,1,48740
1987.571,1,48785
1989.347,1,48824
1991.123,1,48856
1992.898,1,48845
1994.673,1,48926
1996.448,1,48918
1998.222,1,48856
1999.996,1,48876
2001.770,1,48862
2003.543,1,48833
2005.316,1,48895
2007.088,1,48869
2008.860,1,48943
2010.631,1,48859
2012.403,1,48967
2014.173,1,48995
2015.944,1,48950
2017.714,1,48973
2019.483,1,48939
2021.252,1,48960
2023.021,1,48965
2024.789,1,48967
2026.557,1,48895
2028.325,1,48975
2030.092,1,48966
2031.859,1,48980
2033.625,1,49061
2035.391,1,49045
2037.157,1,49044
2038.922,1,49086
2040.687,1,48993
2042.451,1,49014
2044.215,1,49051
2045.978,1,49043
2047.742,1,49050
2049.504,1,49037
2051.267,1,49049
2053.029,1,49140
2054.790,1,49072
2056.552,1,49145
2058.313,1,49138
2060.073,1,49172
2061.833,1,49074
2063.593,1,49097
2065.352,1,49099
2067.111,1,49159
2068.869,1,49147
2070.627,1,49041
2072.385,1,49103
2074.142,1,49171
2075.899,1,49179
2077.656,1,49168
2079.412,1,49193
2081.167,1,49222
2082.923,1,49116
2084.678,1,49211
2086.432,1,49157
2088.186,1,49234
2089.940,1,49119
2091.693,1,49236
2093.446,1,49250
2095.199,1,49215
2096.951,1,49292
2098.703,1,49247
2100.454,1,49248
2102.205,1,49216
2103.956,1,49289
2105.706,1,49202
2107.456,1,49227
2109.205,1,49179
2110.954,1,49271
2112.703,1,49321
2114.451,1,49235
2116.199,1,49217
2117.947,1,49273
2119.694,1,49257
2121.440,1,49263
2123.187,1,49221
2124.933,1,49278
2126.678,1,49205
2128.423,1,49276
2130.168,1,49220
2131.912,1,49269
2133.656,1,49207
2135.400,1,49318
2137.143,1,49340
2138.886,1,49308
2140.629,1,49172
2142.371,1,49273
2144.112,1,49222
2145.853,1,49267
2147.594,1,49247
2149.335,1,49252
2151.075,1,49238
2152.815,1,49282
2154.554,1,49166
2156.293,1,49281
2158.031,1,49215
2159.770,1,49248
2161.507,1,49167
2163.245,1,49324
2164.982,1,49198
2166.718,1,49161
2168.455,1,49184
2170.190,1,49177
2171.926,1,49206
2173.661,1,49219
2175.396,1,49251
2177.130,1,49180
2178.864,1,49187
2180.597,1,49181
2182.331,1,49211
2184.063,1,49186
2185.796,1,49222
2187.528,1,49181
2189.259,1,49118
2190.990,1,49168
2192.721,1,49157
2194.452,1,49113
2196.182,1,49128
2197.911,1,49095
2199.641,1,49144
2201.370,1,49151
2203.098,1,49118
2204.826,1,49063
2206.554,1,49152
2208.281,1,49042
2210.008,1,49058
2211.735,1,49130
2213.461,1,49110
2215.187,1,49122
2216.913,1,49076
2218.638,1,49115
2220.362,1,49000
2222.087,1,49078
2223.811,1,49050
2225.534,1,49051
2227.257,1,49028
2228.980,1,49036
2230.703,1,49040
2232.425,1,49009
2234.146,1,49018
2235.867,1,48976
2237.588,1,48978
2239.309,1,48982
2241.029,1,49031
2242.749,1,49009
2244.468,1,48949
2246.187,1,49029
2247.906,1,49011
2249.624,1,49008
2251.342,1,48947
2253.059,1,48946
2254.776,1,48978
2256.493,1,49018
2258.209,1,48970
2259.925,1,48985
2261.641,1,48901
2263.356,1,48912
2265.071,1,48963
2266.785,1,48991
2268.499,1,48870
2270.213,1,48875
2271.926,1,48818
2273.639,1,48915
2275.351,1,48889
2277.064,1,48892
2278.775,1,48840
2280.487,1,48922
2282.198,1,48854
2283.908,1,48906
2285.619,1,48863
2287.328,1,48857
2289.038,1,48854
2290.747,1,48869
2292.456,1,48877
2294.164,1,48851
2295.872,1,48853
2297.580,1,48806
2299.287,1,48799
2300.994,1,48795
2302.700,1,48914
2304.406,1,48797
2306.112,1,48873
2307.818,1,48804
2309.523,1,48781
2311.227,1,48865
2312.931,1,48870
2314.635,1,48831
2316.339,1,48782
2318.042,1,48799
2319.745,1,48867
2321.447,1,48811
2323.149,1,48818
2324.850,1,48856
2326.552,1,48777
2328.253,1,48819
2329.953,1,48722
2331.653,1,48817
2333.353,1,48795
2335.052,1,48737
2336.751,1,48783
2338.450,1,48798
2340.148,1,48719
2341.846,1,48789
2343.543,1,48781
2345.240,1,48696
2346.937,1,48716
2348.634,1,48764
2350.330,1,48730
2352.025,1,48746
2353.720,1,48720
2355.415,1,48779
2357.110,1,48713
2358.804,1,48701
2360.498,1,48731
2362.191,1,48757
2363.884,1,48719
2365.577,1,48770
2367.269,1,48687
2368.961,1,48726
2370.652,1,48777
2372.343,1,48743
2374.034,1,48725
2375.725,1,48762
2377.415,1,48674
2379.104,1,48746
2380.794,1,48740
2382.483,1,48752
2384.171,1,48662
2385.859,1,48659
2387.547,1,48670
2389.235,1,48715
2390.922,1,48655
2392.608,1,48739
2394.295,1,48673
2395.981,1,48775
2397.666,1,48713
2399.351,1,48695
2401.036,1,48743
2402.721,1,48745
2404.405,1,48732
2406.089,1,48665
2407.772,1,48697
2409.455,1,48776
2411.138,1,48729
2412.820,1,48726
2414.502,1,48688
2416.183,1,48765
2417.865,1,48652
2419.545,1,48626
2421.226,1,48661
2422.906,1,48678
2424.586,1,48789
2426.265,1,48753
2427.944,1,48705
2429.622,1,48710
2431.301,1,48650
2432.979,1,48708
2434.656,1,48704
2436.333,1,48685
2438.010,1,48666
2439.686,1,48729
2441.362,1,48665
2443.038,1,48699
2444.713,1,48704
2446.388,1,48757
2448.063,1,48655
2449.737,1,48704
2451.411,1,48658
2453.084,1,48715
2454.757,1,48723
2456.430,1,48732
2458.102,1,48622
2459.774,1,48777
2461.446,1,48688
2463.117,1,48671
2464.788,1,48728
2466.459,1,48700
2468.129,1,48689
2469.799,1,48716
2471.468,1,48622
2473.137,1,48705
2474.806,1,48753
2476.474,1,48680
2478.142,1,48690
2479.810,1,48701
2481.477,1,48695
2483.144,1,48698
2484.811,1,48730
2486.477,1,48679
2488.143,1,48705
2489.808,1,48714
2491.473,1,48707
2493.138,1,48733
2494.802,1,48673
2496.466,1,48696
2498.130,1,48650
2499.793,1,48644
2501.456,1,48681
2503.119,1,48664
2504.781,1,48612
2506.443,1,48650
2508.104,1,48705
2509.765,1,48667
2511.426,1,48725
2513.086,1,48707
2514.746,1,48676
2516.406,1,48709
2518.065,1,48689
2519.724,1,48672
2521.383,1,48717
2523.041,1,48657
2524.699,1,48631
2526.356,1,48657
2528.014,1,48621
2529.670,1,48601
2531.327,1,48629
2532.983,1,48670
2534.638,1,48723
2536.294,1,48714
2537.949,1,48683
2539.603,1,48646
2541.258,1,48697
2542.912,1,48669
2544.565,1,48671
2546.218,1,48715
2547.871,1,48661
2549.523,1,48662
2551.176,1,48712
2552.827,1,48658
2554.479,1,48704
2556.130,1,48643
2557.780,1,48721
2559.431,1,48731
2561.081,1,48679
2562.730,1,48757
2564.379,1,48699
2566.028,1,48706
2567.677,1,48660
2569.325,1,48738
2570.973,1,48680
2572.620,1,48664
2574.267,1,48647
2575.914,1,48730
2577.560,1,48727
2579.206,1,48754
2580.852,1,48749
2582.497,1,48682
2584.142,1,48701
2585.787,1,48724
2587.431,1,48737
2589.075,1,48743
2590.719,1,48751
2592.362,1,48743
2594.005,1,48758
2595.647,1,48794
2597.289,1,48669
2598.931,1,48698
2600.572,1,48710
2602.213,1,48764
2603.854,1,48721
2605.494,1,48691
2607.134,1,48766
2608.774,1,48710
2610.413,1,48730
2612.052,1,48732
2613.691,1,48801
2615.329,1,48790
2616.967,1,48811
2618.604,1,48839
2620.241,1,48801
2621.878,1,48846
2623.514,1,48844
2625.151,1,48851
2626.786,1,48837
2628.422,1,48789
2630.057,1,48822
2631.691,1,48825
2633.326,1,48882
2634.960,1,48888
2636.593,1,48875
2638.226,1,48825
2639.859,1,48815
2641.492,1,48859
2643.124,1,48839
2644.756,1,48883
2646.387,1,48871
2648.018,1,48883
2649.649,1,48830
2651.280,1,48883
2652.910,1,48921
2654.540,1,48870
2656.169,1,48913
2657.798,1,48937
2659.427,1,48922
2661.055,1,48949
2662.683,1,48931
2664.311,1,48897
2665.938,1,48834
2667.565,1,48923
2669.191,1,48937
2670.818,1,48936
2672.443,1,48937
2674.069,1,48926
2675.694,1,48918
2677.319,1,48934
2678.943,1,48953
2680.567,1,48944
2682.191,1,49004
2683.815,1,49013
2685.438,1,49034
2687.060,1,48987
2688.683,1,49053
2690.305,1,48998
2691.927,1,49029
2693.548,1,49106
2695.169,1,49128
2696.789,1,49090
2698.410,1,49066
2700.030,1,49125
2701.649,1,49088
2703.269,1,49076
2704.887,1,49104
2706.506,1,49135
2708.124,1,49167
2709.742,1,49158
2711.359,1,49218
2712.977,1,49197
2714.593,1,49213
2716.210,1,49262
